803
521
523
833
213
656
858
388
353
518
122
163
969
55
196
904
624
256
659
211
1015
664
63
347
753
131
323
806
137
159
42
801
428
540
710
675
375
239
561
598
490
1017
447
765
216
2
44
950
449
764
508
376
608
542
988
1036
234
609
687
696
437
13
263
932
317
451
200
925
671
219
477
794
720
917
652
3
399
545
845
984
94
489
207
739
404
123
23
691
602
844
342
778
377
654
493
341
992
378
369
458
995
897
372
615
860
907
771
133
448
494
850
658
1035
822
930
230
367
603
365
149
276
900
1037
440
321
409
184
625
139
648
1005
695
392
244
187
233
83
726
862
492
8
469
581
978
916
69
537
190
111
783
60
9
1010
650
162
57
423
227
348
782
790
613
316
105
147
1028
851
773
459
807
150
649
940
1027
1020
968
80
430
910
121
510
166
704
555
578
236
514
21
943
796
553
277
551
569
11
985
788
1031
335
674
1013
966
814
141
935
226
191
405
47
849
258
485
572
366
338
77
945
813
14
570
308
97
957
868
268
604
91
706
322
1016
709
1043
533
180
124
182
305
1018
195
315
871
981
746
484
332
525
597
259
528
772
140
877
559
670
106
719
889
386
931
435
337
903
1012
592
76
460
498
294
769
715
425
741
599
135
617
427
395
157
954
346
417
501
385
694
373
152
455
531
529
690
853
972
775
697
852
839
682
255
174
854
768
1000
1039
415
1004
1006
62
870
481
349
479
402
271
303
565
151
817
84
911
382
576
585
816
89
118
912
324
549
831
717
164
961
443
370
543
620
473
591
272
876
361
68
979
214
668
793
685
1032
279
247
527
125
594
632
359
792
701
495
301
186
254
290
987
899
733
265
611
878
777
885
71
964
46
506
407
975
915
582
497
229
683
183
416
20
289
1026
647
410
629
579
476
406
821
471
718
264
884
127
767
161
433
820
228
672
734
285
973
50
424
189
387
736
679
32
224
261
505
442
797
835
115
112
488
863
941
78
732
249
500
560
206
204
334
280
547
621
144
977
724
51
874
129
747
400
628
282
752
755
343
120
220
800
286
90
275
963
520
750
1
199
522
291
986
634
231
339
340
325
712
785
998
238
810
779
804
250
757
641
847
444
1029
971
1038
310
487
58
880
596
891
754
587
541
888
535
721
287
1019
269
1022
859
274
312
993
470
396
185
472
414
242
119
81
486
867
6
38
872
270
344
532
1021
86
61
266
326
110
563
30
536
439
464
946
431
88
515
600
580
749
784
556
87
684
295
482
842
557
802
503
364
953
538
319
908
929
5
1014
355
574
564
153
974
320
748
947
567
913
740
114
552
251
188
524
927
456
864
744
205
605
669
126
504
1044
434
575
109
210
861
711
420
483
381
623
512
825
108
760
855
811
309
67
830
601
513
962
436
622
17
39
901
22
1033
857
805
676
584
539
989
12
177
808
758
422
798
781
714
879
534
330
639
970
176
637
27
841
636
914
136
922
160
173
865
1011
812
730
293
1009
883
588
693
142
307
419
660
92
336
25
725
723
85
65
700
836
823
260
209
1041
18
446
82
976
956
267
362
951
626
638
681
350
738
881
763
158
997
828
955
544
1003
735
389
240
297
235
568
37
511
530
707
48
938
573
462
253
16
223
606
145
902
894
480
96
302
192
980
432
843
202
273
450
179
703
994
59
356
645
181
412
770
653
155
41
100
610
49
10
948
198
491
474
299
939
627
457
716
394
890
363
678
170
607
774
128
558
661
278
212
252
132
1042
475
887
371
745
54
168
896
965
786
958
4
959
225
731
662
550
79
933
351
875
116
468
463
70
799
882
827
1001
101
222
546
967
618
919
327
759
390
313
728
502
43
441
886
832
197
98
368
577
95
203
380
519
401
383
702
478
960
698
612
616
175
906
103
143
165
413
727
517
171
408
898
705
429
306
31
640
298
283
756
846
905
635
99
421
593
737
172
554
45
633
699
566
507
93
201
281
665
167
837
194
651
934
113
169
35
893
590
29
345
848
677
646
311
1024
288
7
1025
614
398
138
982
284
148
66
1040
983
411
465
787
318
300
1007
374
643
156
72
586
397
619
708
834
360
692
403
357
74
589
791
354
1002
331
657
873
358
379
996
1034
655
454
15
722
686
34
217
680
991
924
689
918
856
453
937
28
130
241
426
146
548
134
869
243
19
509
117
1008
328
418
445
789
892
583
776
780
742
262
688
666
466
304
329
499
840
942
999
36
314
826
461
818
393
64
829
920
663
208
237
673
923
215
292
56
729
73
630
571
928
990
467
819
107
232
24
1023
391
52
218
838
926
644
809
193
296
562
246
631
352
795
815
952
713
642
245
766
104
824
248
257
762
944
751
667
516
1030
221
102
761
936
154
909
496
333
595
949
53
33
895
866
743
75
384
40
178
26
526
452
438
921
