1	0	2	 1.000366	 0.500183
2	1	0	 0.000000	 0.000000
3	2	0	 0.000000	 0.000000
4	3	2	 0.999149	 0.499574
5	4	2	 0.999625	 0.499813
6	5	2	 1.000082	 0.500041
7	6	2	 0.999518	 0.499759
8	7	1	 0.500346	 0.500346
9	8	2	 1.000742	 0.500371
10	9	2	 0.999729	 0.499865
11	10	2	 1.000711	 0.500356
12	11	2	 1.000063	 0.500031
13	12	0	 0.000000	 0.000000
14	13	2	 1.000296	 0.500148
15	14	2	 0.999831	 0.499915
16	15	2	 0.999751	 0.499876
17	16	2	 1.000057	 0.500029
18	17	2	 1.000189	 0.500094
19	18	2	 0.999837	 0.499918
20	19	2	 0.999677	 0.499839
21	20	2	 1.000650	 0.500325
22	21	2	 1.000057	 0.500028
23	22	0	 0.000000	 0.000000
24	23	1	 0.499861	 0.499861
25	24	2	 1.000191	 0.500096
26	25	0	 0.000000	 0.000000
27	26	2	 1.000060	 0.500030
28	27	2	 0.999826	 0.499913
29	28	2	 0.999554	 0.499777
30	29	2	 1.000074	 0.500037
31	30	2	 0.999118	 0.499559
32	31	2	 0.999704	 0.499852
33	32	0	 0.000000	 0.000000
34	33	2	 0.999819	 0.499910
35	34	2	 0.999543	 0.499771
36	35	1	 0.499854	 0.499854
37	36	2	 1.000211	 0.500106
38	37	2	 1.000081	 0.500040
39	38	2	 1.000063	 0.500031
40	39	0	 0.000000	 0.000000
41	40	2	 0.999739	 0.499869
42	41	0	 0.000000	 0.000000
43	42	2	 0.999247	 0.499624
44	43	0	 0.000000	 0.000000
45	44	2	 0.999091	 0.499545
46	45	2	 0.999649	 0.499825
47	46	2	 1.000310	 0.500155
48	47	2	 1.000214	 0.500107
49	48	2	 0.999727	 0.499863
50	49	2	 0.999680	 0.499840
51	50	2	 0.999679	 0.499839
52	51	1	 0.499847	 0.499847
53	52	0	 0.000000	 0.000000
54	53	2	 0.999204	 0.499602
55	54	0	 0.000000	 0.000000
56	55	1	 0.499845	 0.499845
57	56	2	 1.000741	 0.500371
58	57	2	 1.000344	 0.500172
59	58	2	 0.999731	 0.499866
60	59	2	 1.000735	 0.500368
61	60	2	 1.000087	 0.500043
62	61	2	 0.999901	 0.499950
63	62	0	 0.000000	 0.000000
64	63	1	 0.499845	 0.499845
65	64	2	 1.000225	 0.500112
66	65	2	 0.999512	 0.499756
67	66	2	 0.999647	 0.499824
68	67	2	 0.999901	 0.499950
69	68	1	 0.500346	 0.500346
70	69	2	 0.999204	 0.499602
71	70	2	 0.999625	 0.499813
72	71	2	 0.999512	 0.499756
73	72	1	 0.499844	 0.499844
74	73	2	 0.999807	 0.499903
75	74	0	 0.000000	 0.000000
76	75	2	 0.999822	 0.499911
77	76	2	 1.000334	 0.500167
78	77	2	 0.999672	 0.499836
79	78	2	 0.999177	 0.499589
80	79	2	 1.000770	 0.500385
81	80	2	 1.000086	 0.500043
82	81	2	 1.000228	 0.500114
83	82	1	 0.500357	 0.500357
84	83	2	 0.999899	 0.499949
85	84	2	 1.000227	 0.500114
86	85	2	 1.000086	 0.500043
87	86	2	 1.000086	 0.500043
88	87	2	 1.000084	 0.500042
89	88	2	 0.999901	 0.499950
90	89	2	 1.000355	 0.500178
91	90	2	 1.000319	 0.500159
92	91	2	 1.000221	 0.500110
93	92	2	 0.999511	 0.499755
94	93	0	 0.000000	 0.000000
95	94	2	 0.999072	 0.499536
96	95	2	 0.999735	 0.499867
97	96	2	 1.000287	 0.500144
98	97	2	 0.999174	 0.499587
99	98	2	 0.999207	 0.499604
100	99	2	 0.999766	 0.499883
101	100	2	 0.999376	 0.499688
102	101	0	 0.000000	 0.000000
103	102	2	 0.999266	 0.499633
104	103	0	 0.000000	 0.000000
105	104	2	 1.000587	 0.500293
106	105	2	 0.999864	 0.499932
107	106	1	 0.499883	 0.499883
108	107	2	 0.999728	 0.499864
109	108	2	 0.999728	 0.499864
110	109	2	 1.000054	 0.500027
111	110	1	 0.500260	 0.500260
112	111	2	 0.999761	 0.499880
113	112	2	 0.999642	 0.499821
114	113	2	 0.999730	 0.499865
115	114	2	 0.999763	 0.499882
116	115	2	 0.999407	 0.499703
117	116	2	 0.999862	 0.499931
118	117	2	 0.999929	 0.499964
119	118	2	 1.000053	 0.500027
120	119	2	 0.999756	 0.499878
121	120	2	 1.000566	 0.500283
122	121	0	 0.000000	 0.000000
123	122	0	 0.000000	 0.000000
124	123	2	 1.000238	 0.500119
125	124	2	 0.999740	 0.499870
126	125	2	 0.999743	 0.499872
127	126	2	 0.999746	 0.499873
128	127	2	 0.999808	 0.499904
129	128	2	 0.999783	 0.499892
130	129	2	 0.999876	 0.499938
131	130	0	 0.000000	 0.000000
132	131	2	 0.999455	 0.499728
133	132	1	 0.500246	 0.500246
134	133	2	 0.999875	 0.499937
135	134	2	 0.999873	 0.499936
136	135	2	 1.000049	 0.500024
137	136	0	 0.000000	 0.000000
138	137	2	 0.999629	 0.499815
139	138	1	 0.500273	 0.500273
140	139	2	 0.999867	 0.499933
141	140	2	 1.000264	 0.500132
142	141	2	 1.000050	 0.500025
143	142	2	 0.999194	 0.499597
144	143	2	 0.999726	 0.499863
145	144	2	 0.999746	 0.499873
146	145	2	 0.999846	 0.499923
147	146	2	 1.000662	 0.500331
148	147	2	 0.999591	 0.499796
149	148	1	 0.500297	 0.500297
150	149	2	 1.000651	 0.500325
151	150	2	 0.999918	 0.499959
152	151	2	 0.999851	 0.499926
153	152	2	 0.999686	 0.499843
154	153	0	 0.000000	 0.000000
155	154	2	 0.999752	 0.499876
156	155	2	 0.999566	 0.499783
157	156	2	 0.999840	 0.499920
158	157	2	 1.000196	 0.500098
159	158	0	 0.000000	 0.000000
160	159	2	 1.000058	 0.500029
161	160	2	 0.999656	 0.499828
162	161	2	 1.000701	 0.500351
163	162	0	 0.000000	 0.000000
164	163	2	 0.999905	 0.499953
165	164	2	 0.999054	 0.499527
166	165	2	 1.000737	 0.500369
167	166	2	 0.999520	 0.499760
168	167	2	 0.999192	 0.499596
169	168	2	 0.999508	 0.499754
170	169	2	 0.999714	 0.499857
171	170	2	 0.999012	 0.499506
172	171	2	 0.999014	 0.499507
173	172	2	 1.000065	 0.500033
174	173	2	 0.999821	 0.499911
175	174	2	 0.999007	 0.499503
176	175	2	 1.000067	 0.500033
177	176	2	 1.000067	 0.500033
178	177	0	 0.000000	 0.000000
179	178	2	 0.999705	 0.499852
180	179	2	 1.000339	 0.500169
181	180	2	 0.999716	 0.499858
182	181	2	 1.000335	 0.500167
183	182	2	 0.999614	 0.499807
184	183	1	 0.500363	 0.500363
185	184	2	 1.000087	 0.500044
186	185	2	 0.999606	 0.499803
187	186	1	 0.500365	 0.500365
188	187	2	 0.999619	 0.499810
189	188	2	 0.999662	 0.499831
190	189	1	 0.500367	 0.500367
191	190	2	 1.000346	 0.500173
192	191	2	 0.999700	 0.499850
193	192	1	 0.499834	 0.499834
194	193	2	 0.999480	 0.499740
195	194	2	 1.000340	 0.500170
196	195	0	 0.000000	 0.000000
197	196	2	 0.998965	 0.499482
198	197	2	 0.999702	 0.499851
199	198	2	 1.000375	 0.500187
200	199	0	 0.000000	 0.000000
201	200	2	 0.999466	 0.499733
202	201	2	 0.999702	 0.499851
203	202	2	 0.998950	 0.499475
204	203	2	 0.999657	 0.499829
205	204	2	 0.999613	 0.499807
206	205	2	 0.999658	 0.499829
207	206	0	 0.000000	 0.000000
208	207	1	 0.499831	 0.499831
209	208	2	 1.000242	 0.500121
210	209	2	 0.999614	 0.499807
211	210	0	 0.000000	 0.000000
212	211	2	 0.999129	 0.499565
213	212	0	 0.000000	 0.000000
214	213	2	 0.999895	 0.499948
215	214	1	 0.499831	 0.499831
216	215	0	 0.000000	 0.000000
217	216	2	 0.999790	 0.499895
218	217	1	 0.499830	 0.499830
219	218	0	 0.000000	 0.000000
220	219	2	 1.000377	 0.500188
221	220	0	 0.000000	 0.000000
222	221	2	 0.999124	 0.499562
223	222	2	 0.999696	 0.499848
224	223	2	 0.999654	 0.499827
225	224	2	 0.999127	 0.499564
226	225	2	 1.000351	 0.500176
227	226	2	 1.000811	 0.500406
228	227	2	 0.999652	 0.499826
229	228	2	 0.999595	 0.499798
230	229	1	 0.500376	 0.500376
231	230	2	 1.000381	 0.500190
232	231	1	 0.499829	 0.499829
233	232	1	 0.500378	 0.500378
234	233	0	 0.000000	 0.000000
235	234	2	 1.000249	 0.500125
236	235	2	 1.000819	 0.500410
237	236	1	 0.499829	 0.499829
238	237	2	 1.000387	 0.500193
239	238	0	 0.000000	 0.000000
240	239	2	 1.000247	 0.500124
241	240	2	 0.999786	 0.499893
242	241	2	 1.000096	 0.500048
243	242	2	 0.999789	 0.499894
244	243	1	 0.500375	 0.500375
245	244	0	 0.000000	 0.000000
246	245	0	 0.000000	 0.000000
247	246	2	 0.999896	 0.499948
248	247	0	 0.000000	 0.000000
249	248	2	 0.999661	 0.499831
250	249	2	 1.000371	 0.500185
251	250	2	 0.999630	 0.499815
252	251	2	 0.999149	 0.499575
253	252	2	 0.999708	 0.499854
254	253	2	 0.999613	 0.499806
255	254	2	 0.999820	 0.499910
256	255	0	 0.000000	 0.000000
257	256	0	 0.000000	 0.000000
258	257	2	 1.000331	 0.500166
259	258	2	 1.000334	 0.500167
260	259	2	 1.000232	 0.500116
261	260	2	 0.999671	 0.499835
262	261	1	 0.499843	 0.499843
263	262	0	 0.000000	 0.000000
264	263	2	 0.999617	 0.499808
265	264	2	 0.999618	 0.499809
266	265	2	 1.000096	 0.500048
267	266	2	 1.000230	 0.500115
268	267	2	 1.000327	 0.500163
269	268	2	 1.000357	 0.500178
270	269	2	 1.000090	 0.500045
271	270	2	 0.999905	 0.499952
272	271	2	 0.999903	 0.499951
273	272	2	 0.999718	 0.499859
274	273	2	 1.000089	 0.500044
275	274	2	 1.000353	 0.500176
276	275	1	 0.500344	 0.500344
277	276	2	 1.000740	 0.500370
278	277	2	 0.999201	 0.499600
279	278	2	 0.999906	 0.499953
280	279	2	 0.999689	 0.499845
281	280	2	 0.999526	 0.499763
282	281	2	 0.999687	 0.499843
283	282	2	 0.999044	 0.499522
284	283	2	 0.999527	 0.499764
285	284	2	 0.999684	 0.499842
286	285	2	 1.000344	 0.500172
287	286	2	 1.000345	 0.500173
288	287	2	 0.999543	 0.499772
289	288	2	 0.999640	 0.499820
290	289	2	 0.999642	 0.499821
291	290	2	 1.000336	 0.500168
292	291	1	 0.499852	 0.499852
293	292	2	 1.000060	 0.500030
294	293	2	 0.999832	 0.499916
295	294	2	 1.000067	 0.500034
296	295	1	 0.499858	 0.499858
297	296	2	 1.000193	 0.500096
298	297	2	 0.999133	 0.499567
299	298	2	 0.999738	 0.499869
300	299	2	 0.999557	 0.499779
301	300	2	 0.999659	 0.499830
302	301	2	 0.999738	 0.499869
303	302	2	 0.999914	 0.499957
304	303	1	 0.499860	 0.499860
305	304	2	 1.000309	 0.500155
306	305	2	 0.999136	 0.499568
307	306	2	 1.000053	 0.500026
308	307	2	 1.000273	 0.500136
309	308	2	 0.999692	 0.499846
310	309	2	 1.000275	 0.500137
311	310	2	 0.999610	 0.499805
312	311	2	 1.000059	 0.500030
313	312	2	 0.999360	 0.499680
314	313	1	 0.499870	 0.499870
315	314	2	 1.000277	 0.500139
316	315	2	 1.000640	 0.500320
317	316	0	 0.000000	 0.000000
318	317	2	 0.999595	 0.499798
319	318	2	 0.999714	 0.499857
320	319	2	 0.999710	 0.499855
321	320	1	 0.500287	 0.500287
322	321	2	 1.000261	 0.500131
323	322	0	 0.000000	 0.000000
324	323	2	 0.999917	 0.499958
325	324	2	 1.000286	 0.500143
326	325	2	 1.000068	 0.500034
327	326	2	 0.999259	 0.499629
328	327	2	 0.999856	 0.499928
329	328	1	 0.499871	 0.499871
330	329	2	 1.000051	 0.500026
331	330	2	 0.999852	 0.499926
332	331	2	 1.000284	 0.500142
333	332	0	 0.000000	 0.000000
334	333	2	 0.999731	 0.499866
335	334	2	 1.000633	 0.500316
336	335	2	 1.000173	 0.500086
337	336	2	 0.999855	 0.499928
338	337	2	 1.000276	 0.500138
339	338	2	 1.000289	 0.500144
340	339	2	 1.000286	 0.500143
341	340	0	 0.000000	 0.000000
342	341	0	 0.000000	 0.000000
343	342	2	 0.999715	 0.499857
344	343	2	 1.000056	 0.500028
345	344	2	 0.999569	 0.499784
346	345	2	 0.999845	 0.499922
347	346	0	 0.000000	 0.000000
348	347	2	 1.000689	 0.500344
349	348	2	 0.999917	 0.499958
350	349	2	 1.000186	 0.500093
351	350	2	 0.999266	 0.499633
352	351	0	 0.000000	 0.000000
353	352	0	 0.000000	 0.000000
354	353	2	 0.999832	 0.499916
355	354	2	 0.999672	 0.499836
356	355	2	 0.999738	 0.499869
357	356	2	 0.999831	 0.499915
358	357	2	 0.999831	 0.499916
359	358	2	 0.999661	 0.499830
360	359	2	 0.999554	 0.499777
361	360	2	 0.999917	 0.499959
362	361	2	 1.000190	 0.500095
363	362	2	 0.999729	 0.499864
364	363	2	 1.000060	 0.500030
365	364	1	 0.500325	 0.500325
366	365	2	 1.000313	 0.500156
367	366	1	 0.500325	 0.500325
368	367	2	 0.999097	 0.499548
369	368	0	 0.000000	 0.000000
370	369	2	 0.999914	 0.499957
371	370	2	 0.999261	 0.499631
372	371	1	 0.500329	 0.500329
373	372	2	 0.999840	 0.499920
374	373	2	 0.999566	 0.499783
375	374	0	 0.000000	 0.000000
376	375	0	 0.000000	 0.000000
377	376	0	 0.000000	 0.000000
378	377	0	 0.000000	 0.000000
379	378	2	 0.999831	 0.499916
380	379	2	 0.999143	 0.499572
381	380	2	 0.999656	 0.499828
382	381	2	 0.999913	 0.499956
383	382	2	 0.999083	 0.499542
384	383	0	 0.000000	 0.000000
385	384	2	 0.999837	 0.499918
386	385	2	 0.999839	 0.499919
387	386	2	 0.999702	 0.499851
388	387	0	 0.000000	 0.000000
389	388	2	 1.000188	 0.500094
390	389	2	 0.999277	 0.499639
391	390	1	 0.499855	 0.499855
392	391	1	 0.500317	 0.500317
393	392	1	 0.499854	 0.499854
394	393	2	 0.999746	 0.499873
395	394	2	 0.999845	 0.499922
396	395	2	 1.000058	 0.500029
397	396	2	 0.999568	 0.499784
398	397	2	 0.999567	 0.499783
399	398	0	 0.000000	 0.000000
400	399	2	 0.999722	 0.499861
401	400	2	 0.999164	 0.499582
402	401	2	 0.999921	 0.499961
403	402	2	 0.999822	 0.499911
404	403	0	 0.000000	 0.000000
405	404	2	 1.000295	 0.500148
406	405	2	 0.999671	 0.499836
407	406	2	 0.999667	 0.499834
408	407	2	 0.999121	 0.499560
409	408	1	 0.500326	 0.500326
410	409	2	 0.999643	 0.499821
411	410	2	 0.999526	 0.499763
412	411	2	 0.999709	 0.499854
413	412	2	 0.999025	 0.499512
414	413	2	 1.000075	 0.500037
415	414	2	 0.999903	 0.499951
416	415	2	 0.999611	 0.499805
417	416	2	 0.999815	 0.499907
418	417	2	 0.999815	 0.499907
419	418	2	 1.000214	 0.500107
420	419	2	 0.999601	 0.499800
421	420	2	 0.998953	 0.499476
422	421	2	 1.000063	 0.500031
423	422	2	 1.000808	 0.500404
424	423	2	 0.999656	 0.499828
425	424	2	 0.999810	 0.499905
426	425	2	 0.999799	 0.499899
427	426	2	 0.999808	 0.499904
428	427	0	 0.000000	 0.000000
429	428	2	 0.998923	 0.499461
430	429	2	 1.000848	 0.500424
431	430	2	 1.000080	 0.500040
432	431	2	 0.999672	 0.499836
433	432	2	 0.999637	 0.499819
434	433	2	 0.999581	 0.499790
435	434	2	 0.999799	 0.499900
436	435	2	 1.000072	 0.500036
437	436	0	 0.000000	 0.000000
438	437	0	 0.000000	 0.000000
439	438	2	 1.000084	 0.500042
440	439	1	 0.500409	 0.500409
441	440	2	 0.999060	 0.499530
442	441	2	 0.999623	 0.499811
443	442	2	 0.999889	 0.499945
444	443	2	 1.000400	 0.500200
445	444	2	 0.999786	 0.499893
446	445	2	 1.000247	 0.500123
447	446	0	 0.000000	 0.000000
448	447	1	 0.500404	 0.500404
449	448	0	 0.000000	 0.000000
450	449	2	 0.999660	 0.499830
451	450	0	 0.000000	 0.000000
452	451	0	 0.000000	 0.000000
453	452	2	 0.999779	 0.499890
454	453	2	 0.999779	 0.499890
455	454	2	 0.999794	 0.499897
456	455	2	 0.999571	 0.499786
457	456	2	 0.999666	 0.499833
458	457	0	 0.000000	 0.000000
459	458	2	 1.000877	 0.500439
460	459	2	 0.999796	 0.499898
461	460	1	 0.499818	 0.499818
462	461	2	 1.000255	 0.500127
463	462	2	 0.999067	 0.499533
464	463	2	 1.000090	 0.500045
465	464	2	 0.999435	 0.499717
466	465	1	 0.499818	 0.499818
467	466	1	 0.499819	 0.499819
468	467	2	 0.999076	 0.499538
469	468	1	 0.500400	 0.500400
470	469	2	 1.000086	 0.500043
471	470	2	 0.999573	 0.499787
472	471	2	 1.000086	 0.500043
473	472	2	 0.999891	 0.499945
474	473	2	 0.999672	 0.499836
475	474	2	 0.999078	 0.499539
476	475	2	 0.999574	 0.499787
477	476	0	 0.000000	 0.000000
478	477	2	 0.998904	 0.499452
479	478	2	 0.999892	 0.499946
480	479	2	 0.999676	 0.499838
481	480	2	 0.999895	 0.499947
482	481	2	 1.000080	 0.500040
483	482	2	 0.999596	 0.499798
484	483	2	 1.000361	 0.500181
485	484	2	 1.000359	 0.500179
486	485	2	 1.000081	 0.500040
487	486	2	 1.000379	 0.500190
488	487	2	 0.999643	 0.499821
489	488	0	 0.000000	 0.000000
490	489	0	 0.000000	 0.000000
491	490	2	 0.999672	 0.499836
492	491	1	 0.500393	 0.500393
493	492	0	 0.000000	 0.000000
494	493	1	 0.500394	 0.500394
495	494	2	 0.999579	 0.499790
496	495	0	 0.000000	 0.000000
497	496	2	 0.999581	 0.499791
498	497	2	 0.999801	 0.499901
499	498	1	 0.499824	 0.499824
500	499	2	 0.999638	 0.499819
501	500	2	 0.999802	 0.499901
502	501	2	 0.999105	 0.499552
503	502	2	 1.000081	 0.500040
504	503	2	 0.999590	 0.499795
505	504	2	 0.999642	 0.499821
506	505	2	 0.999586	 0.499793
507	506	2	 0.998929	 0.499465
508	507	0	 0.000000	 0.000000
509	508	2	 0.999802	 0.499901
510	509	2	 1.000824	 0.500412
511	510	2	 1.000229	 0.500115
512	511	2	 0.999602	 0.499801
513	512	2	 1.000068	 0.500034
514	513	2	 1.000814	 0.500407
515	514	2	 1.000081	 0.500040
516	515	0	 0.000000	 0.000000
517	516	2	 0.998949	 0.499474
518	517	0	 0.000000	 0.000000
519	518	2	 0.998952	 0.499476
520	519	2	 1.000374	 0.500187
521	520	0	 0.000000	 0.000000
522	521	2	 1.000373	 0.500187
523	522	0	 0.000000	 0.000000
524	523	2	 0.999607	 0.499804
525	524	2	 1.000352	 0.500176
526	525	0	 0.000000	 0.000000
527	526	2	 0.999601	 0.499800
528	527	2	 1.000350	 0.500175
529	528	2	 0.999811	 0.499906
530	529	2	 1.000227	 0.500113
531	530	2	 0.999813	 0.499906
532	531	2	 1.000082	 0.500041
533	532	2	 1.000348	 0.500174
534	533	2	 1.000068	 0.500034
535	534	2	 1.000364	 0.500182
536	535	2	 1.000076	 0.500038
537	536	1	 0.500365	 0.500365
538	537	2	 1.000078	 0.500039
539	538	2	 1.000067	 0.500034
540	539	0	 0.000000	 0.000000
541	540	2	 1.000355	 0.500177
542	541	0	 0.000000	 0.000000
543	542	2	 0.999900	 0.499950
544	543	2	 1.000219	 0.500109
545	544	0	 0.000000	 0.000000
546	545	2	 0.999150	 0.499575
547	546	2	 0.999660	 0.499830
548	547	2	 0.999810	 0.499905
549	548	2	 0.999900	 0.499950
550	549	2	 0.999151	 0.499575
551	550	2	 1.000802	 0.500401
552	551	2	 0.999612	 0.499806
553	552	2	 1.000801	 0.500401
554	553	2	 0.998976	 0.499488
555	554	2	 1.000807	 0.500404
556	555	2	 1.000079	 0.500040
557	556	2	 1.000080	 0.500040
558	557	2	 0.999142	 0.499571
559	558	2	 0.999814	 0.499907
560	559	2	 0.999658	 0.499829
561	560	0	 0.000000	 0.000000
562	561	1	 0.499837	 0.499837
563	562	2	 1.000079	 0.500040
564	563	2	 0.999617	 0.499809
565	564	2	 0.999901	 0.499950
566	565	2	 0.998996	 0.499498
567	566	2	 0.999620	 0.499810
568	567	2	 1.000220	 0.500110
569	568	2	 1.000792	 0.500396
570	569	2	 1.000345	 0.500172
571	570	1	 0.499838	 0.499838
572	571	2	 1.000346	 0.500173
573	572	2	 1.000221	 0.500111
574	573	2	 0.999615	 0.499807
575	574	2	 0.999618	 0.499809
576	575	2	 0.999899	 0.499949
577	576	2	 0.998982	 0.499491
578	577	2	 1.000793	 0.500396
579	578	2	 0.999606	 0.499803
580	579	2	 1.000083	 0.500041
581	580	1	 0.500363	 0.500363
582	581	2	 0.999607	 0.499804
583	582	2	 0.999811	 0.499906
584	583	2	 1.000068	 0.500034
585	584	2	 0.999898	 0.499949
586	585	2	 0.999490	 0.499745
587	586	2	 1.000369	 0.500184
588	587	2	 1.000068	 0.500034
589	588	2	 0.999812	 0.499906
590	589	2	 0.999498	 0.499749
591	590	2	 0.999897	 0.499949
592	591	2	 0.999812	 0.499906
593	592	2	 0.998974	 0.499487
594	593	2	 0.999605	 0.499803
595	594	0	 0.000000	 0.000000
596	595	2	 1.000369	 0.500184
597	596	2	 1.000348	 0.500174
598	597	0	 0.000000	 0.000000
599	598	2	 0.999813	 0.499906
600	599	2	 1.000082	 0.500041
601	600	2	 1.000069	 0.500035
602	601	0	 0.000000	 0.000000
603	602	1	 0.500370	 0.500370
604	603	2	 1.000347	 0.500173
605	604	2	 0.999617	 0.499809
606	605	2	 0.999693	 0.499847
607	606	2	 0.999693	 0.499846
608	607	0	 0.000000	 0.000000
609	608	0	 0.000000	 0.000000
610	609	2	 0.999692	 0.499846
611	610	2	 0.999603	 0.499802
612	611	2	 0.998972	 0.499486
613	612	2	 1.000801	 0.500401
614	613	2	 0.999488	 0.499744
615	614	1	 0.500371	 0.500371
616	615	2	 0.998973	 0.499487
617	616	2	 0.999811	 0.499905
618	617	2	 0.999138	 0.499569
619	618	2	 0.999487	 0.499743
620	619	2	 0.999896	 0.499948
621	620	2	 0.999651	 0.499825
622	621	2	 1.000070	 0.500035
623	622	2	 0.999609	 0.499805
624	623	0	 0.000000	 0.000000
625	624	1	 0.500371	 0.500371
626	625	2	 1.000227	 0.500114
627	626	2	 0.999688	 0.499844
628	627	2	 0.999655	 0.499827
629	628	2	 0.999600	 0.499800
630	629	1	 0.499836	 0.499836
631	630	0	 0.000000	 0.000000
632	631	2	 0.999602	 0.499801
633	632	2	 0.998972	 0.499486
634	633	2	 1.000370	 0.500185
635	634	2	 0.998967	 0.499484
636	635	2	 1.000069	 0.500035
637	636	2	 1.000069	 0.500034
638	637	2	 1.000226	 0.500113
639	638	2	 1.000069	 0.500034
640	639	2	 0.998970	 0.499485
641	640	2	 1.000369	 0.500184
642	641	0	 0.000000	 0.000000
643	642	2	 0.999493	 0.499746
644	643	1	 0.499837	 0.499837
645	644	2	 0.999695	 0.499848
646	645	2	 0.999494	 0.499747
647	646	2	 0.999608	 0.499804
648	647	1	 0.500366	 0.500366
649	648	2	 1.000791	 0.500396
650	649	2	 1.000785	 0.500393
651	650	2	 0.999498	 0.499749
652	651	0	 0.000000	 0.000000
653	652	2	 0.999699	 0.499850
654	653	0	 0.000000	 0.000000
655	654	2	 0.999807	 0.499904
656	655	0	 0.000000	 0.000000
657	656	2	 0.999807	 0.499903
658	657	1	 0.500363	 0.500363
659	658	0	 0.000000	 0.000000
660	659	2	 1.000219	 0.500110
661	660	2	 0.999161	 0.499581
662	661	2	 0.999162	 0.499581
663	662	1	 0.499835	 0.499835
664	663	0	 0.000000	 0.000000
665	664	2	 0.999500	 0.499750
666	665	1	 0.499837	 0.499837
667	666	0	 0.000000	 0.000000
668	667	2	 0.999902	 0.499951
669	668	2	 0.999611	 0.499806
670	669	2	 0.999816	 0.499908
671	670	0	 0.000000	 0.000000
672	671	2	 0.999664	 0.499832
673	672	1	 0.499837	 0.499837
674	673	2	 1.000789	 0.500394
675	674	0	 0.000000	 0.000000
676	675	2	 1.000066	 0.500033
677	676	2	 0.999498	 0.499749
678	677	2	 0.999698	 0.499849
679	678	2	 0.999667	 0.499833
680	679	2	 0.999807	 0.499903
681	680	2	 1.000215	 0.500107
682	681	2	 0.999816	 0.499908
683	682	2	 0.999613	 0.499806
684	683	2	 1.000072	 0.500036
685	684	2	 0.999902	 0.499951
686	685	2	 0.999804	 0.499902
687	686	0	 0.000000	 0.000000
688	687	1	 0.499838	 0.499838
689	688	2	 0.999806	 0.499903
690	689	2	 0.999816	 0.499908
691	690	0	 0.000000	 0.000000
692	691	2	 0.999495	 0.499747
693	692	2	 1.000067	 0.500033
694	693	2	 0.999815	 0.499908
695	694	1	 0.500364	 0.500364
696	695	0	 0.000000	 0.000000
697	696	2	 0.999816	 0.499908
698	697	2	 0.998986	 0.499493
699	698	2	 0.998994	 0.499497
700	699	2	 1.000220	 0.500110
701	700	2	 0.999611	 0.499806
702	701	2	 0.998990	 0.499495
703	702	2	 0.999698	 0.499849
704	703	2	 1.000790	 0.500395
705	704	2	 0.998985	 0.499493
706	705	2	 1.000346	 0.500173
707	706	2	 1.000222	 0.500111
708	707	2	 0.999491	 0.499745
709	708	2	 1.000345	 0.500173
710	709	0	 0.000000	 0.000000
711	710	2	 0.999614	 0.499807
712	711	2	 1.000366	 0.500183
713	712	0	 0.000000	 0.000000
714	713	2	 1.000068	 0.500034
715	714	2	 0.999815	 0.499908
716	715	2	 0.999698	 0.499849
717	716	2	 0.999898	 0.499949
718	717	2	 0.999607	 0.499804
719	718	2	 0.999814	 0.499907
720	719	0	 0.000000	 0.000000
721	720	2	 1.000364	 0.500182
722	721	2	 0.999798	 0.499899
723	722	2	 1.000228	 0.500114
724	723	2	 0.999656	 0.499828
725	724	2	 1.000232	 0.500116
726	725	1	 0.500372	 0.500372
727	726	2	 0.998965	 0.499483
728	727	2	 0.999142	 0.499571
729	728	1	 0.499830	 0.499830
730	729	2	 1.000069	 0.500035
731	730	2	 0.999135	 0.499568
732	731	2	 0.999655	 0.499827
733	732	2	 0.999600	 0.499800
734	733	2	 0.999656	 0.499828
735	734	2	 1.000229	 0.500114
736	735	2	 0.999654	 0.499827
737	736	2	 0.998958	 0.499479
738	737	2	 1.000231	 0.500116
739	738	0	 0.000000	 0.000000
740	739	2	 0.999607	 0.499804
741	740	2	 0.999810	 0.499905
742	741	1	 0.499831	 0.499831
743	742	0	 0.000000	 0.000000
744	743	2	 0.999603	 0.499802
745	744	2	 0.999131	 0.499566
746	745	2	 1.000353	 0.500176
747	746	2	 0.999656	 0.499828
748	747	2	 0.999604	 0.499802
749	748	2	 1.000080	 0.500040
750	749	2	 1.000377	 0.500189
751	750	0	 0.000000	 0.000000
752	751	2	 0.999650	 0.499825
753	752	0	 0.000000	 0.000000
754	753	2	 1.000378	 0.500189
755	754	2	 0.999653	 0.499827
756	755	2	 0.998961	 0.499480
757	756	2	 1.000375	 0.500187
758	757	2	 1.000069	 0.500034
759	758	2	 0.999145	 0.499573
760	759	2	 0.999608	 0.499804
761	760	0	 0.000000	 0.000000
762	761	0	 0.000000	 0.000000
763	762	2	 1.000232	 0.500116
764	763	0	 0.000000	 0.000000
765	764	0	 0.000000	 0.000000
766	765	0	 0.000000	 0.000000
767	766	2	 0.999597	 0.499798
768	767	2	 0.999896	 0.499948
769	768	2	 0.999806	 0.499903
770	769	2	 0.999689	 0.499845
771	770	1	 0.500381	 0.500381
772	771	2	 1.000355	 0.500178
773	772	2	 1.000820	 0.500410
774	773	2	 0.999684	 0.499842
775	774	2	 0.999807	 0.499903
776	775	2	 0.999799	 0.499900
777	776	2	 0.999596	 0.499798
778	777	0	 0.000000	 0.000000
779	778	2	 1.000377	 0.500189
780	779	2	 0.999803	 0.499901
781	780	2	 1.000070	 0.500035
782	781	2	 1.000819	 0.500410
783	782	1	 0.500380	 0.500380
784	783	2	 1.000082	 0.500041
785	784	2	 1.000378	 0.500189
786	785	2	 0.999123	 0.499561
787	786	2	 0.999478	 0.499739
788	787	2	 1.000806	 0.500403
789	788	2	 0.999804	 0.499902
790	789	2	 1.000807	 0.500403
791	790	2	 0.999803	 0.499902
792	791	2	 0.999599	 0.499800
793	792	2	 0.999897	 0.499949
794	793	0	 0.000000	 0.000000
795	794	0	 0.000000	 0.000000
796	795	2	 1.000819	 0.500410
797	796	2	 0.999652	 0.499826
798	797	2	 1.000070	 0.500035
799	798	2	 0.999120	 0.499560
800	799	2	 1.000378	 0.500189
801	800	0	 0.000000	 0.000000
802	801	2	 1.000082	 0.500041
803	802	0	 0.000000	 0.000000
804	803	2	 1.000382	 0.500191
805	804	2	 1.000070	 0.500035
806	805	0	 0.000000	 0.000000
807	806	2	 1.000827	 0.500414
808	807	2	 1.000069	 0.500035
809	808	1	 0.499830	 0.499830
810	809	2	 1.000381	 0.500190
811	810	2	 0.999606	 0.499803
812	811	2	 1.000068	 0.500034
813	812	2	 1.000354	 0.500177
814	813	2	 1.000350	 0.500175
815	814	0	 0.000000	 0.000000
816	815	2	 0.999897	 0.499948
817	816	2	 0.999897	 0.499948
818	817	1	 0.499833	 0.499833
819	818	1	 0.499833	 0.499833
820	819	2	 0.999653	 0.499826
821	820	2	 0.999597	 0.499799
822	821	1	 0.500375	 0.500375
823	822	2	 1.000224	 0.500112
824	823	0	 0.000000	 0.000000
825	824	2	 0.999608	 0.499804
826	825	1	 0.499835	 0.499835
827	826	2	 0.999138	 0.499569
828	827	2	 1.000224	 0.500112
829	828	1	 0.499837	 0.499837
830	829	2	 0.999615	 0.499808
831	830	2	 0.999898	 0.499949
832	831	2	 0.998988	 0.499494
833	832	0	 0.000000	 0.000000
834	833	2	 0.999499	 0.499750
835	834	2	 0.999668	 0.499834
836	835	2	 1.000226	 0.500113
837	836	2	 0.999486	 0.499743
838	837	1	 0.499835	 0.499835
839	838	2	 0.999806	 0.499903
840	839	1	 0.499829	 0.499829
841	840	2	 1.000069	 0.500034
842	841	2	 1.000090	 0.500045
843	842	2	 0.999688	 0.499844
844	843	0	 0.000000	 0.000000
845	844	0	 0.000000	 0.000000
846	845	2	 0.998919	 0.499460
847	846	2	 1.000378	 0.500189
848	847	2	 0.999462	 0.499731
849	848	2	 1.000361	 0.500181
850	849	1	 0.500386	 0.500386
851	850	2	 1.000830	 0.500415
852	851	2	 0.999809	 0.499905
853	852	2	 0.999808	 0.499904
854	853	2	 0.999800	 0.499900
855	854	2	 0.999590	 0.499795
856	855	2	 0.999788	 0.499894
857	856	2	 1.000071	 0.500036
858	857	0	 0.000000	 0.000000
859	858	2	 1.000398	 0.500199
860	859	1	 0.500399	 0.500399
861	860	2	 0.999581	 0.499791
862	861	1	 0.500404	 0.500404
863	862	2	 0.999624	 0.499812
864	863	2	 0.999570	 0.499785
865	864	2	 1.000075	 0.500038
866	865	0	 0.000000	 0.000000
867	866	2	 1.000092	 0.500046
868	867	2	 1.000403	 0.500202
869	868	2	 0.999781	 0.499890
870	869	2	 0.999882	 0.499941
871	870	2	 1.000395	 0.500197
872	871	2	 1.000099	 0.500049
873	872	2	 0.999774	 0.499887
874	873	2	 0.999612	 0.499806
875	874	2	 0.999021	 0.499510
876	875	2	 0.999884	 0.499942
877	876	2	 0.999799	 0.499899
878	877	2	 0.999558	 0.499779
879	878	2	 1.000079	 0.500039
880	879	2	 1.000405	 0.500203
881	880	2	 1.000275	 0.500138
882	881	2	 0.999038	 0.499519
883	882	2	 1.000078	 0.500039
884	883	2	 0.999569	 0.499784
885	884	2	 0.999557	 0.499778
886	885	2	 0.999026	 0.499513
887	886	2	 0.999025	 0.499512
888	887	2	 1.000407	 0.500203
889	888	2	 0.999799	 0.499900
890	889	2	 0.999669	 0.499834
891	890	2	 1.000422	 0.500211
892	891	2	 0.999762	 0.499881
893	892	2	 0.999397	 0.499698
894	893	2	 0.999670	 0.499835
895	894	0	 0.000000	 0.000000
896	895	2	 0.999024	 0.499512
897	896	1	 0.500418	 0.500418
898	897	2	 0.998758	 0.499379
899	898	2	 0.999532	 0.499766
900	899	1	 0.500412	 0.500412
901	900	2	 1.000081	 0.500040
902	901	2	 0.999697	 0.499848
903	902	2	 0.999795	 0.499897
904	903	0	 0.000000	 0.000000
905	904	2	 0.998827	 0.499414
906	905	2	 0.998836	 0.499418
907	906	1	 0.500404	 0.500404
908	907	2	 0.999597	 0.499799
909	908	0	 0.000000	 0.000000
910	909	2	 1.000809	 0.500404
911	910	2	 0.999900	 0.499950
912	911	2	 0.999902	 0.499951
913	912	2	 0.999671	 0.499835
914	913	2	 1.000058	 0.500029
915	914	2	 0.999673	 0.499836
916	915	1	 0.500285	 0.500285
917	916	0	 0.000000	 0.000000
918	917	2	 0.999857	 0.499929
919	918	2	 0.999398	 0.499699
920	919	1	 0.499886	 0.499886
921	920	0	 0.000000	 0.000000
922	921	2	 1.000050	 0.500025
923	922	1	 0.499885	 0.499885
924	923	2	 0.999851	 0.499925
925	924	0	 0.000000	 0.000000
926	925	1	 0.499886	 0.499886
927	926	2	 0.999724	 0.499862
928	927	1	 0.499880	 0.499880
929	928	2	 0.999735	 0.499868
930	929	1	 0.500263	 0.500263
931	930	2	 0.999867	 0.499933
932	931	0	 0.000000	 0.000000
933	932	2	 0.999363	 0.499682
934	933	2	 0.999585	 0.499793
935	934	2	 1.000267	 0.500134
936	935	0	 0.000000	 0.000000
937	936	2	 0.999838	 0.499919
938	937	2	 1.000173	 0.500086
939	938	2	 0.999784	 0.499892
940	939	2	 1.001598	 0.500799
941	940	2	 0.999287	 0.499643
942	941	1	 0.499682	 0.499682
943	942	2	 1.001642	 0.500821
944	943	0	 0.000000	 0.000000
945	944	2	 1.000746	 0.500373
946	945	2	 1.000263	 0.500131
947	946	2	 0.999177	 0.499588
948	947	2	 0.999345	 0.499672
949	948	0	 0.000000	 0.000000
950	949	0	 0.000000	 0.000000
951	950	2	 1.000562	 0.500281
952	951	0	 0.000000	 0.000000
953	952	2	 1.000255	 0.500127
954	953	2	 0.999591	 0.499795
955	954	2	 1.000563	 0.500281
956	955	2	 1.000562	 0.500281
957	956	2	 1.000605	 0.500303
958	957	2	 0.999081	 0.499541
959	958	2	 0.999081	 0.499541
960	959	2	 0.998760	 0.499380
961	960	2	 0.999916	 0.499958
962	961	2	 1.000099	 0.500050
963	962	2	 1.000617	 0.500308
964	963	2	 0.999270	 0.499635
965	964	2	 0.998452	 0.499226
966	965	2	 1.000848	 0.500424
967	966	2	 0.998167	 0.499083
968	967	2	 1.001915	 0.500958
969	968	0	 0.000000	 0.000000
970	969	2	 1.000122	 0.500061
971	970	2	 1.000771	 0.500386
972	971	2	 0.999547	 0.499773
973	972	2	 0.999216	 0.499608
974	973	2	 0.998901	 0.499451
975	974	2	 0.999144	 0.499572
976	975	2	 1.000130	 0.500065
977	976	2	 0.999198	 0.499599
978	977	1	 0.500865	 0.500865
979	978	2	 0.999841	 0.499920
980	979	2	 0.999002	 0.499501
981	980	2	 1.000896	 0.500448
982	981	2	 0.999068	 0.499534
983	982	2	 0.999055	 0.499528
984	983	0	 0.000000	 0.000000
985	984	2	 1.002135	 0.501068
986	985	2	 1.000825	 0.500413
987	986	2	 0.999058	 0.499529
988	987	0	 0.000000	 0.000000
989	988	2	 1.000134	 0.500067
990	989	1	 0.499607	 0.499607
991	990	2	 0.999734	 0.499867
992	991	0	 0.000000	 0.000000
993	992	2	 0.999917	 0.499958
994	993	2	 0.998907	 0.499453
995	994	1	 0.501030	 0.501030
996	995	2	 0.999755	 0.499877
997	996	2	 1.000266	 0.500133
998	997	2	 1.000946	 0.500473
999	998	1	 0.499603	 0.499603
1000	999	2	 0.999766	 0.499883
1001	1000	2	 0.997680	 0.498840
1002	1001	2	 0.999754	 0.499877
1003	1002	2	 1.000291	 0.500145
1004	1003	2	 0.999769	 0.499885
1005	1004	1	 0.501049	 0.501049
1006	1005	2	 0.999772	 0.499886
1007	1006	2	 0.998917	 0.499459
1008	1007	2	 0.999750	 0.499875
1009	1008	2	 1.000168	 0.500084
1010	1009	2	 1.002319	 0.501159
1011	1010	2	 1.000168	 0.500084
1012	1011	2	 0.999428	 0.499714
1013	1012	2	 1.001044	 0.500522
1014	1013	2	 0.998788	 0.499394
1015	1014	0	 0.000000	 0.000000
1016	1015	2	 1.001042	 0.500521
1017	1016	0	 0.000000	 0.000000
1018	1017	2	 1.001025	 0.500512
1019	1018	2	 1.000961	 0.500481
1020	1019	2	 1.002434	 0.501217
1021	1020	2	 0.999928	 0.499964
1022	1021	2	 1.000954	 0.500477
1023	1022	1	 0.499594	 0.499594
1024	1023	2	 0.998895	 0.499448
1025	1024	2	 0.998863	 0.499431
1026	1025	2	 0.998873	 0.499437
1027	1026	2	 1.002359	 0.501179
1028	1027	2	 1.002258	 0.501129
1029	1028	2	 1.000949	 0.500474
1030	1029	0	 0.000000	 0.000000
1031	1030	2	 1.002298	 0.501149
1032	1031	2	 0.999769	 0.499885
1033	1032	2	 1.000163	 0.500081
1034	1033	2	 0.999749	 0.499874
1035	1034	1	 0.501085	 0.501085
1036	1035	0	 0.000000	 0.000000
1037	1036	1	 0.501050	 0.501050
1038	1037	2	 1.000934	 0.500467
1039	1038	2	 0.999767	 0.499883
1040	1039	2	 0.998870	 0.499435
1041	1040	2	 1.000285	 0.500143
1042	1041	2	 0.997599	 0.498800
1043	1042	2	 1.001051	 0.500526
1044	1043	2	 0.998755	 0.499378
