733
423
179
133
23
526
174
678
352
953
712
811
71
605
768
965
577
801
588
823
982
743
4
224
433
606
824
857
394
298
746
178
740
164
617
555
841
820
894
892
987
669
1034
624
885
739
593
251
342
19
6
724
917
916
336
544
1016
897
13
837
99
159
38
49
590
634
368
358
147
741
656
183
662
648
963
161
202
54
148
736
554
196
162
370
418
47
477
60
7
910
213
464
280
788
1026
214
671
244
1028
412
384
796
201
191
490
24
945
36
950
309
702
366
784
465
520
83
156
509
568
168
322
847
612
870
396
898
685
427
66
547
345
500
979
800
402
489
621
893
1021
466
1000
479
720
646
143
408
31
565
524
278
754
607
263
972
435
145
537
541
597
155
747
929
852
900
600
129
628
926
543
456
152
936
328
494
639
587
199
700
270
294
948
81
749
446
241
614
964
785
207
985
585
777
532
1033
442
30
937
211
70
553
742
764
875
871
534
267
197
448
21
1009
455
308
638
546
781
878
980
454
232
221
41
586
906
58
850
53
381
1017
253
1023
928
75
146
697
250
596
782
282
419
772
625
858
142
722
382
271
701
1032
976
578
378
125
866
212
942
122
128
391
35
542
192
326
217
327
780
573
902
693
615
853
840
552
687
52
43
463
609
492
167
755
594
488
904
580
333
410
839
744
986
518
425
810
364
864
599
225
579
325
923
826
1041
1018
938
652
347
990
324
138
228
848
887
219
310
104
677
905
124
933
645
790
763
619
845
808
300
447
545
200
506
462
274
247
242
483
218
688
286
55
510
984
303
452
947
716
680
230
1043
836
481
582
969
254
449
383
574
96
511
530
482
258
786
888
131
1042
770
117
265
188
8
469
227
993
835
962
758
502
665
281
564
627
238
51
1001
32
977
307
33
436
468
1024
557
144
72
611
182
636
166
925
268
243
973
626
1025
815
726
690
359
461
521
118
439
86
654
535
783
659
994
921
239
738
517
277
767
955
283
1022
880
393
252
313
536
830
109
458
608
493
698
527
951
889
56
834
1036
918
65
890
649
1011
94
881
571
691
988
132
655
727
1030
20
495
695
1004
657
45
335
567
256
349
708
643
903
954
515
641
170
320
765
141
401
1013
255
84
136
549
799
82
966
356
450
354
513
886
689
10
480
103
629
804
877
257
375
290
106
317
602
173
100
400
851
429
849
960
924
233
1015
505
930
404
666
774
795
373
355
413
670
974
134
314
539
710
868
172
913
939
338
844
827
769
137
682
470
474
825
822
484
927
812
430
287
843
589
686
876
184
329
507
305
37
395
291
975
405
115
907
968
922
424
1031
842
85
1014
570
428
234
661
431
706
399
90
561
715
787
498
818
220
522
1007
87
203
27
304
873
279
112
114
441
692
312
289
77
592
882
107
935
476
25
34
856
996
704
967
604
210
817
1019
550
995
377
556
266
802
206
831
272
806
718
874
620
163
369
451
111
664
675
647
730
269
208
610
67
150
330
766
940
792
674
205
76
69
376
879
276
485
523
261
332
363
709
618
297
260
422
833
909
775
723
181
437
249
538
259
18
108
683
101
679
753
486
406
171
970
1012
231
899
165
707
752
11
944
302
735
3
572
576
189
319
514
385
392
860
681
658
750
583
98
64
119
1039
748
978
794
334
563
731
623
295
631
459
816
751
531
595
551
340
771
331
512
956
729
350
1037
215
508
12
135
640
548
1003
223
414
650
931
432
745
293
501
807
194
728
779
245
867
797
719
756
48
73
421
915
17
635
186
737
793
323
46
813
123
819
983
57
516
932
855
151
444
651
362
14
684
562
311
981
95
16
832
961
153
637
388
130
79
306
390
140
998
705
566
273
703
569
248
357
941
854
934
321
1035
632
216
467
814
958
475
989
762
361
379
105
365
195
959
337
503
1044
126
920
760
862
805
59
798
78
912
387
734
409
997
407
971
74
61
453
642
803
789
914
1010
209
717
440
177
883
246
725
559
525
374
473
1029
110
869
339
80
949
1027
952
761
113
992
809
1005
39
275
660
487
558
97
884
193
1006
601
343
791
694
285
93
42
229
292
360
157
759
943
344
316
757
185
121
222
301
896
1
102
284
653
226
120
180
299
861
371
1040
88
497
668
667
663
773
2
236
204
1020
778
63
190
68
673
533
426
176
353
380
5
560
457
460
471
908
528
676
496
397
160
630
411
403
478
491
919
504
829
732
92
584
696
341
895
386
846
863
29
622
445
575
581
1002
872
591
434
187
598
26
613
865
139
603
415
28
348
116
346
499
22
198
633
672
235
50
901
821
891
859
9
776
367
15
288
351
315
957
911
699
438
472
417
540
416
721
154
389
240
713
296
711
372
264
644
62
44
169
127
318
158
175
519
89
828
149
714
262
999
946
91
237
991
838
1008
398
420
616
443
529
40
1038
