1	0	16	 8.001567	 0.500098
2	1	13	 6.500299	 0.500023
3	2	12	 5.996747	 0.499729
4	3	19	 9.502506	 0.500132
5	4	18	 9.000624	 0.500035
6	5	17	 8.499646	 0.499979
7	6	17	 8.499756	 0.499986
8	7	18	 8.998531	 0.499918
9	8	15	 7.499561	 0.499971
10	9	13	 6.499136	 0.499934
11	10	11	 5.499067	 0.499915
12	11	17	 8.500424	 0.500025
13	12	15	 7.499697	 0.499980
14	13	15	 7.499766	 0.499984
15	14	18	 8.999699	 0.499983
16	15	12	 6.000619	 0.500052
17	16	18	 8.999359	 0.499964
18	17	14	 6.997716	 0.499837
19	18	11	 5.499961	 0.499996
20	19	18	 8.999947	 0.499997
21	20	20	10.000894	 0.500045
22	21	16	 7.997571	 0.499848
23	22	17	 8.498123	 0.499890
24	23	17	 8.499315	 0.499960
25	24	18	 9.001584	 0.500088
26	25	17	 8.498718	 0.499925
27	26	15	 7.500804	 0.500054
28	27	18	 8.998939	 0.499941
29	28	19	 9.499279	 0.499962
30	29	18	 9.001133	 0.500063
31	30	18	 8.999221	 0.499957
32	31	17	 8.499600	 0.499976
33	32	18	 8.997637	 0.499869
34	33	18	 8.998191	 0.499900
35	34	13	 6.500490	 0.500038
36	35	13	 6.500839	 0.500065
37	36	14	 6.999626	 0.499973
38	37	15	 7.499309	 0.499954
39	38	17	 8.499492	 0.499970
40	39	14	 7.000216	 0.500015
41	40	13	 6.502220	 0.500171
42	41	20	 9.999706	 0.499985
43	42	16	 7.999111	 0.499944
44	43	14	 7.000515	 0.500037
45	44	15	 7.501243	 0.500083
46	45	13	 6.499861	 0.499989
47	46	15	 7.499135	 0.499942
48	47	18	 8.999081	 0.499949
49	48	13	 6.500357	 0.500027
50	49	13	 6.499345	 0.499950
51	50	16	 7.999244	 0.499953
52	51	18	 8.999176	 0.499954
53	52	16	 8.000121	 0.500008
54	53	19	 9.500958	 0.500050
55	54	11	 5.499974	 0.499998
56	55	15	 7.500968	 0.500065
57	56	18	 9.001254	 0.500070
58	57	17	 8.498998	 0.499941
59	58	18	 9.000460	 0.500026
60	59	17	 8.499147	 0.499950
61	60	17	 8.500601	 0.500035
62	61	17	 8.500427	 0.500025
63	62	18	 9.000070	 0.500004
64	63	14	 6.999405	 0.499957
65	64	20	 9.998146	 0.499907
66	65	19	 9.500748	 0.500039
67	66	15	 7.501628	 0.500109
68	67	15	 7.497926	 0.499862
69	68	16	 7.998760	 0.499923
70	69	16	 7.999212	 0.499951
71	70	14	 6.999962	 0.499997
72	71	17	 8.499168	 0.499951
73	72	15	 7.499637	 0.499976
74	73	17	 8.498417	 0.499907
75	74	14	 6.999292	 0.499949
76	75	16	 7.999879	 0.499992
77	76	17	 8.500556	 0.500033
78	77	15	 7.500806	 0.500054
79	78	18	 8.998106	 0.499895
80	79	19	 9.499365	 0.499967
81	80	15	 7.500503	 0.500034
82	81	15	 7.499480	 0.499965
83	82	10	 5.001340	 0.500134
84	83	13	 6.498693	 0.499899
85	84	19	 9.500120	 0.500006
86	85	16	 7.999000	 0.499938
87	86	14	 6.998814	 0.499915
88	87	15	 7.501493	 0.500100
89	88	19	 9.499073	 0.499951
90	89	18	 8.998637	 0.499924
91	90	16	 7.997193	 0.499825
92	91	13	 6.499262	 0.499943
93	92	19	 9.499424	 0.499970
94	93	13	 6.498423	 0.499879
95	94	18	 8.998310	 0.499906
96	95	18	 9.000007	 0.500000
97	96	16	 7.998126	 0.499883
98	97	15	 7.499350	 0.499957
99	98	20	 9.999039	 0.499952
100	99	16	 7.999009	 0.499938
101	100	17	 8.499429	 0.499966
102	101	19	 9.500868	 0.500046
103	102	16	 7.998240	 0.499890
104	103	13	 6.499138	 0.499934
105	104	18	 8.999258	 0.499959
106	105	19	 9.498559	 0.499924
107	106	17	 8.498995	 0.499941
108	107	17	 8.500222	 0.500013
109	108	14	 6.999316	 0.499951
110	109	16	 7.999300	 0.499956
111	110	14	 7.001390	 0.500099
112	111	13	 6.500011	 0.500001
113	112	16	 7.998816	 0.499926
114	113	10	 5.000075	 0.500008
115	114	18	 8.999543	 0.499975
116	115	17	 8.500006	 0.500000
117	116	17	 8.498741	 0.499926
118	117	18	 8.999273	 0.499960
119	118	17	 8.500906	 0.500053
120	119	18	 9.000075	 0.500004
121	120	17	 8.498885	 0.499934
122	121	15	 7.499815	 0.499988
123	122	19	 9.499614	 0.499980
124	123	18	 8.999638	 0.499980
125	124	19	 9.500443	 0.500023
126	125	12	 5.999660	 0.499972
127	126	18	 8.998076	 0.499893
128	127	17	 8.502592	 0.500152
129	128	12	 6.000252	 0.500021
130	129	17	 8.498825	 0.499931
131	130	19	 9.500818	 0.500043
132	131	17	 8.500354	 0.500021
133	132	18	 8.999290	 0.499961
134	133	17	 8.500138	 0.500008
135	134	16	 7.999794	 0.499987
136	135	14	 7.000394	 0.500028
137	136	10	 4.999489	 0.499949
138	137	15	 7.500673	 0.500045
139	138	18	 9.000040	 0.500002
140	139	15	 7.500232	 0.500015
141	140	16	 7.997327	 0.499833
142	141	20	 9.998492	 0.499925
143	142	18	 9.000578	 0.500032
144	143	18	 9.000551	 0.500031
145	144	18	 8.998883	 0.499938
146	145	15	 7.500015	 0.500001
147	146	18	 8.999259	 0.499959
148	147	14	 7.000358	 0.500026
149	148	18	 8.999353	 0.499964
150	149	18	 8.998922	 0.499940
151	150	12	 6.001428	 0.500119
152	151	18	 8.999696	 0.499983
153	152	19	 9.499730	 0.499986
154	153	20	 9.999742	 0.499987
155	154	19	 9.499702	 0.499984
156	155	14	 6.999098	 0.499936
157	156	16	 7.998931	 0.499933
158	157	18	 8.999189	 0.499955
159	158	12	 5.999659	 0.499972
160	159	15	 7.499643	 0.499976
161	160	17	 8.500329	 0.500019
162	161	18	 8.999636	 0.499980
163	162	20	 9.999325	 0.499966
164	163	9	 4.499388	 0.499932
165	164	16	 7.998498	 0.499906
166	165	16	 8.000837	 0.500052
167	166	13	 6.499871	 0.499990
168	167	19	 9.497865	 0.499888
169	168	9	 4.499692	 0.499966
170	169	15	 7.499508	 0.499967
171	170	14	 7.001818	 0.500130
172	171	17	 8.500881	 0.500052
173	172	18	 8.998001	 0.499889
174	173	18	 8.999351	 0.499964
175	174	17	 8.498490	 0.499911
176	175	18	 9.001537	 0.500085
177	176	16	 8.002373	 0.500148
178	177	15	 7.502605	 0.500174
179	178	16	 7.998449	 0.499903
180	179	17	 8.499645	 0.499979
181	180	13	 6.499478	 0.499960
182	181	12	 5.999786	 0.499982
183	182	14	 7.000194	 0.500014
184	183	18	 9.001893	 0.500105
185	184	17	 8.500012	 0.500001
186	185	18	 9.000409	 0.500023
187	186	11	 5.501073	 0.500098
188	187	19	 9.499024	 0.499949
189	188	16	 7.997188	 0.499824
190	189	17	 8.500136	 0.500008
191	190	20	 9.998958	 0.499948
192	191	19	 9.498596	 0.499926
193	192	13	 6.500573	 0.500044
194	193	15	 7.499167	 0.499944
195	194	18	 8.999427	 0.499968
196	195	17	 8.501956	 0.500115
197	196	11	 5.498810	 0.499892
198	197	12	 5.999692	 0.499974
199	198	11	 5.499345	 0.499940
200	199	15	 7.501099	 0.500073
201	200	17	 8.500222	 0.500013
202	201	15	 7.499114	 0.499941
203	202	17	 8.501221	 0.500072
204	203	16	 7.999320	 0.499958
205	204	17	 8.500119	 0.500007
206	205	18	 8.998808	 0.499934
207	206	17	 8.497110	 0.499830
208	207	18	 9.000101	 0.500006
209	208	15	 7.498997	 0.499933
210	209	14	 6.998545	 0.499896
211	210	15	 7.501543	 0.500103
212	211	16	 7.997283	 0.499830
213	212	20	10.000200	 0.500010
214	213	15	 7.500795	 0.500053
215	214	13	 6.497540	 0.499811
216	215	16	 8.000830	 0.500052
217	216	15	 7.498297	 0.499886
218	217	14	 6.998802	 0.499914
219	218	14	 6.999405	 0.499957
220	219	15	 7.499107	 0.499940
221	220	19	 9.500820	 0.500043
222	221	14	 7.000637	 0.500045
223	222	16	 7.998716	 0.499920
224	223	16	 7.999248	 0.499953
225	224	18	 8.998331	 0.499907
226	225	18	 8.998328	 0.499907
227	226	17	 8.499580	 0.499975
228	227	12	 5.998804	 0.499900
229	228	19	 9.502709	 0.500143
230	229	14	 7.000887	 0.500063
231	230	14	 7.001554	 0.500111
232	231	16	 8.002279	 0.500142
233	232	13	 6.498722	 0.499902
234	233	17	 8.501358	 0.500080
235	234	15	 7.500801	 0.500053
236	235	15	 7.502900	 0.500193
237	236	18	 8.999506	 0.499973
238	237	20	10.000944	 0.500047
239	238	17	 8.500860	 0.500051
240	239	15	 7.499489	 0.499966
241	240	11	 5.501867	 0.500170
242	241	14	 6.999773	 0.499984
243	242	13	 6.500426	 0.500033
244	243	18	 9.000374	 0.500021
245	244	16	 8.002221	 0.500139
246	245	16	 7.999458	 0.499966
247	246	19	 9.499514	 0.499974
248	247	14	 7.001472	 0.500105
249	248	20	 9.998911	 0.499946
250	249	17	 8.501699	 0.500100
251	250	12	 5.998232	 0.499853
252	251	15	 7.502276	 0.500152
253	252	19	 9.499920	 0.499996
254	253	16	 8.001493	 0.500093
255	254	19	 9.504010	 0.500211
256	255	15	 7.499191	 0.499946
257	256	19	 9.499388	 0.499968
258	257	18	 9.000285	 0.500016
259	258	17	 8.498438	 0.499908
260	259	13	 6.500282	 0.500022
261	260	18	 9.003383	 0.500188
262	261	15	 7.499566	 0.499971
263	262	17	 8.501457	 0.500086
264	263	16	 8.001944	 0.500122
265	264	11	 5.500985	 0.500090
266	265	16	 8.000531	 0.500033
267	266	16	 7.998805	 0.499925
268	267	18	 8.999186	 0.499955
269	268	14	 6.998736	 0.499910
270	269	16	 7.998962	 0.499935
271	270	15	 7.499955	 0.499997
272	271	17	 8.499817	 0.499989
273	272	20	 9.998640	 0.499932
274	273	18	 9.000008	 0.500000
275	274	17	 8.501395	 0.500082
276	275	19	 9.498306	 0.499911
277	276	16	 8.001344	 0.500084
278	277	18	 9.001175	 0.500065
279	278	17	 8.501290	 0.500076
280	279	14	 6.998515	 0.499894
281	280	13	 6.500636	 0.500049
282	281	18	 9.000741	 0.500041
283	282	20	 9.999969	 0.499998
284	283	16	 7.999584	 0.499974
285	284	17	 8.501340	 0.500079
286	285	15	 7.498009	 0.499867
287	286	17	 8.500741	 0.500044
288	287	13	 6.500083	 0.500006
289	288	20	 9.999022	 0.499951
290	289	18	 9.000707	 0.500039
291	290	15	 7.499751	 0.499983
292	291	11	 5.499709	 0.499974
293	292	14	 6.999580	 0.499970
294	293	13	 6.501338	 0.500103
295	294	17	 8.499177	 0.499952
296	295	17	 8.501187	 0.500070
297	296	15	 7.500127	 0.500008
298	297	12	 5.998680	 0.499890
299	298	15	 7.498889	 0.499926
300	299	20	 9.998844	 0.499942
301	300	9	 4.499392	 0.499932
302	301	14	 6.999673	 0.499977
303	302	13	 6.500052	 0.500004
304	303	17	 8.499083	 0.499946
305	304	14	 6.998601	 0.499900
306	305	15	 7.500523	 0.500035
307	306	13	 6.498037	 0.499849
308	307	13	 6.500449	 0.500035
309	308	20	10.001381	 0.500069
310	309	18	 8.998818	 0.499934
311	310	15	 7.498818	 0.499921
312	311	16	 8.000088	 0.500006
313	312	15	 7.499410	 0.499961
314	313	17	 8.500321	 0.500019
315	314	18	 8.999804	 0.499989
316	315	17	 8.499118	 0.499948
317	316	15	 7.499344	 0.499956
318	317	17	 8.498512	 0.499912
319	318	18	 8.999368	 0.499965
320	319	17	 8.498797	 0.499929
321	320	16	 7.998647	 0.499915
322	321	16	 7.999624	 0.499977
323	322	18	 9.000709	 0.500039
324	323	13	 6.500797	 0.500061
325	324	19	 9.499051	 0.499950
326	325	14	 6.999806	 0.499986
327	326	15	 7.500020	 0.500001
328	327	17	 8.499502	 0.499971
329	328	17	 8.499704	 0.499983
330	329	19	 9.500585	 0.500031
331	330	17	 8.497679	 0.499863
332	331	15	 7.499438	 0.499963
333	332	19	 9.498709	 0.499932
334	333	15	 7.497426	 0.499828
335	334	14	 6.998758	 0.499911
336	335	16	 7.999319	 0.499957
337	336	18	 9.000085	 0.500005
338	337	18	 8.999177	 0.499954
339	338	16	 7.999251	 0.499953
340	339	19	 9.500339	 0.500018
341	340	14	 6.999720	 0.499980
342	341	18	 8.998087	 0.499894
343	342	16	 8.000137	 0.500009
344	343	16	 7.999811	 0.499988
345	344	16	 8.001637	 0.500102
346	345	16	 8.002636	 0.500165
347	346	18	 8.999540	 0.499974
348	347	18	 9.000223	 0.500012
349	348	15	 7.498032	 0.499869
350	349	13	 6.500053	 0.500004
351	350	11	 5.497617	 0.499783
352	351	8	 4.000777	 0.500097
353	352	12	 6.000830	 0.500069
354	353	17	 8.499061	 0.499945
355	354	17	 8.501766	 0.500104
356	355	20	 9.998416	 0.499921
357	356	16	 7.999305	 0.499957
358	357	12	 6.000760	 0.500063
359	358	15	 7.499713	 0.499981
360	359	18	 9.002264	 0.500126
361	360	17	 8.499432	 0.499967
362	361	19	 9.500449	 0.500024
363	362	17	 8.499977	 0.499999
364	363	14	 6.999308	 0.499951
365	364	18	 9.000045	 0.500003
366	365	18	 8.999825	 0.499990
367	366	18	 8.997836	 0.499880
368	367	15	 7.497770	 0.499851
369	368	16	 8.000572	 0.500036
370	369	16	 7.999800	 0.499987
371	370	16	 8.000562	 0.500035
372	371	13	 6.499936	 0.499995
373	372	19	 9.497737	 0.499881
374	373	17	 8.499945	 0.499997
375	374	18	 9.000807	 0.500045
376	375	15	 7.500129	 0.500009
377	376	18	 8.999434	 0.499969
378	377	15	 7.499185	 0.499946
379	378	20	 9.999994	 0.500000
380	379	17	 8.497421	 0.499848
381	380	20	10.001573	 0.500079
382	381	19	 9.498521	 0.499922
383	382	18	 8.998820	 0.499934
384	383	15	 7.497773	 0.499852
385	384	14	 7.000185	 0.500013
386	385	16	 7.999834	 0.499990
387	386	12	 5.999901	 0.499992
388	387	16	 7.999675	 0.499980
389	388	18	 9.001019	 0.500057
390	389	16	 8.000430	 0.500027
391	390	12	 5.998729	 0.499894
392	391	14	 7.001106	 0.500079
393	392	11	 5.499607	 0.499964
394	393	16	 8.000492	 0.500031
395	394	18	 9.000607	 0.500034
396	395	18	 8.999796	 0.499989
397	396	20	 9.998851	 0.499943
398	397	16	 7.999574	 0.499973
399	398	19	 9.501381	 0.500073
400	399	14	 6.999928	 0.499995
401	400	16	 7.998270	 0.499892
402	401	17	 8.501514	 0.500089
403	402	18	 8.998642	 0.499925
404	403	13	 6.498947	 0.499919
405	404	18	 8.999144	 0.499952
406	405	20	10.000566	 0.500028
407	406	13	 6.498687	 0.499899
408	407	17	 8.499731	 0.499984
409	408	18	 8.998396	 0.499911
410	409	17	 8.498668	 0.499922
411	410	19	 9.498816	 0.499938
412	411	16	 8.000971	 0.500061
413	412	17	 8.499198	 0.499953
414	413	13	 6.500757	 0.500058
415	414	18	 9.000223	 0.500012
416	415	15	 7.500847	 0.500056
417	416	13	 6.500493	 0.500038
418	417	17	 8.503115	 0.500183
419	418	17	 8.499572	 0.499975
420	419	15	 7.500285	 0.500019
421	420	13	 6.500892	 0.500069
422	421	15	 7.499170	 0.499945
423	422	18	 8.999823	 0.499990
424	423	19	 9.500947	 0.500050
425	424	15	 7.500475	 0.500032
426	425	17	 8.498830	 0.499931
427	426	20	10.001212	 0.500061
428	427	17	 8.498881	 0.499934
429	428	16	 8.001404	 0.500088
430	429	17	 8.499917	 0.499995
431	430	20	 9.996995	 0.499850
432	431	16	 7.999250	 0.499953
433	432	18	 8.998803	 0.499933
434	433	16	 8.000299	 0.500019
435	434	18	 9.001165	 0.500065
436	435	16	 7.996184	 0.499762
437	436	15	 7.500965	 0.500064
438	437	16	 8.000341	 0.500021
439	438	18	 8.999848	 0.499992
440	439	17	 8.499651	 0.499979
441	440	13	 6.500411	 0.500032
442	441	14	 6.998495	 0.499892
443	442	19	 9.500629	 0.500033
444	443	15	 7.497423	 0.499828
445	444	14	 6.999257	 0.499947
446	445	9	 4.500720	 0.500080
447	446	11	 5.498362	 0.499851
448	447	20	 9.999387	 0.499969
449	448	18	 8.999473	 0.499971
450	449	15	 7.500512	 0.500034
451	450	14	 6.998579	 0.499898
452	451	12	 5.999548	 0.499962
453	452	18	 8.998153	 0.499897
454	453	20	 9.996570	 0.499828
455	454	14	 6.999140	 0.499939
456	455	15	 7.500388	 0.500026
457	456	16	 7.998261	 0.499891
458	457	14	 6.996717	 0.499766
459	458	19	 9.497643	 0.499876
460	459	18	 8.996636	 0.499813
461	460	20	 9.999482	 0.499974
462	461	20	 9.998813	 0.499941
463	462	16	 7.998400	 0.499900
464	463	17	 8.499322	 0.499960
465	464	19	 9.500967	 0.500051
466	465	18	 8.999050	 0.499947
467	466	16	 8.000068	 0.500004
468	467	15	 7.499815	 0.499988
469	468	14	 6.998496	 0.499893
470	469	18	 9.000305	 0.500017
471	470	16	 7.999563	 0.499973
472	471	15	 7.498775	 0.499918
473	472	15	 7.500148	 0.500010
474	473	17	 8.499784	 0.499987
475	474	16	 8.002217	 0.500139
476	475	15	 7.499119	 0.499941
477	476	13	 6.500699	 0.500054
478	477	19	 9.500043	 0.500002
479	478	18	 9.000496	 0.500028
480	479	16	 7.999303	 0.499956
481	480	20	 9.998005	 0.499900
482	481	19	 9.498402	 0.499916
483	482	18	 8.999855	 0.499992
484	483	17	 8.498396	 0.499906
485	484	16	 7.998069	 0.499879
486	485	18	 9.001656	 0.500092
487	486	12	 6.000530	 0.500044
488	487	16	 8.001346	 0.500084
489	488	19	 9.499623	 0.499980
490	489	13	 6.498830	 0.499910
491	490	19	 9.499477	 0.499972
492	491	19	 9.498637	 0.499928
493	492	19	 9.501864	 0.500098
494	493	14	 6.999591	 0.499971
495	494	13	 6.499775	 0.499983
496	495	18	 8.998282	 0.499905
497	496	18	 8.997875	 0.499882
498	497	15	 7.502632	 0.500175
499	498	19	 9.500444	 0.500023
500	499	20	 9.999275	 0.499964
501	500	15	 7.502858	 0.500191
502	501	13	 6.498894	 0.499915
503	502	13	 6.499762	 0.499982
504	503	13	 6.501156	 0.500089
505	504	11	 5.498659	 0.499878
506	505	20	 9.997076	 0.499854
507	506	17	 8.499783	 0.499987
508	507	15	 7.500963	 0.500064
509	508	16	 7.999083	 0.499943
510	509	18	 9.001146	 0.500064
511	510	15	 7.499010	 0.499934
512	511	19	 9.501985	 0.500104
513	512	18	 8.999160	 0.499953
514	513	17	 8.499915	 0.499995
515	514	19	 9.501364	 0.500072
516	515	19	 9.500043	 0.500002
517	516	17	 8.496202	 0.499777
518	517	17	 8.499184	 0.499952
519	518	20	10.000673	 0.500034
520	519	15	 7.499556	 0.499970
521	520	13	 6.499990	 0.499999
522	521	16	 7.999369	 0.499961
523	522	12	 5.998950	 0.499912
524	523	14	 6.998543	 0.499896
525	524	19	 9.499516	 0.499975
526	525	18	 9.000266	 0.500015
527	526	18	 8.997335	 0.499852
528	527	18	 8.999945	 0.499997
529	528	18	 8.998931	 0.499941
530	529	16	 8.001787	 0.500112
531	530	13	 6.499879	 0.499991
532	531	17	 8.499440	 0.499967
533	532	14	 6.998464	 0.499890
534	533	13	 6.499250	 0.499942
535	534	17	 8.499474	 0.499969
536	535	17	 8.499110	 0.499948
537	536	20	10.000291	 0.500015
538	537	18	 8.998354	 0.499909
539	538	18	 9.000283	 0.500016
540	539	16	 7.999150	 0.499947
541	540	19	 9.501026	 0.500054
542	541	18	 9.001695	 0.500094
543	542	14	 7.000029	 0.500002
544	543	13	 6.500097	 0.500007
545	544	15	 7.498063	 0.499871
546	545	16	 8.000909	 0.500057
547	546	15	 7.499432	 0.499962
548	547	16	 7.999097	 0.499944
549	548	13	 6.498510	 0.499885
550	549	15	 7.497978	 0.499865
551	550	16	 7.999449	 0.499966
552	551	18	 8.998757	 0.499931
553	552	19	 9.498912	 0.499943
554	553	14	 7.001620	 0.500116
555	554	15	 7.498071	 0.499871
556	555	15	 7.499586	 0.499972
557	556	15	 7.500287	 0.500019
558	557	19	 9.500006	 0.500000
559	558	15	 7.499132	 0.499942
560	559	20	 9.999022	 0.499951
561	560	15	 7.499561	 0.499971
562	561	16	 7.999870	 0.499992
563	562	17	 8.497935	 0.499879
564	563	19	 9.499870	 0.499993
565	564	15	 7.501247	 0.500083
566	565	19	 9.500919	 0.500048
567	566	18	 8.998736	 0.499930
568	567	16	 8.000057	 0.500004
569	568	18	 8.999635	 0.499980
570	569	12	 5.999763	 0.499980
571	570	14	 6.999953	 0.499997
572	571	15	 7.499857	 0.499990
573	572	17	 8.500030	 0.500002
574	573	18	 8.998612	 0.499923
575	574	18	 9.000009	 0.500000
576	575	19	 9.499049	 0.499950
577	576	18	 9.000134	 0.500007
578	577	18	 9.000711	 0.500039
579	578	19	 9.499743	 0.499986
580	579	15	 7.498376	 0.499892
581	580	19	 9.499779	 0.499988
582	581	19	 9.502012	 0.500106
583	582	17	 8.499646	 0.499979
584	583	13	 6.501285	 0.500099
585	584	19	 9.499839	 0.499992
586	585	16	 7.998862	 0.499929
587	586	18	 8.999400	 0.499967
588	587	18	 9.000743	 0.500041
589	588	19	 9.500790	 0.500042
590	589	18	 9.002468	 0.500137
591	590	14	 7.001075	 0.500077
592	591	15	 7.500101	 0.500007
593	592	18	 9.000098	 0.500005
594	593	18	 8.998980	 0.499943
595	594	20	 9.999298	 0.499965
596	595	17	 8.501144	 0.500067
597	596	12	 5.998602	 0.499883
598	597	16	 8.002059	 0.500129
599	598	18	 8.999992	 0.500000
600	599	17	 8.500039	 0.500002
601	600	19	 9.498263	 0.499909
602	601	18	 8.999833	 0.499991
603	602	18	 9.000969	 0.500054
604	603	12	 5.997671	 0.499806
605	604	18	 8.999416	 0.499968
606	605	16	 7.999378	 0.499961
607	606	16	 7.998852	 0.499928
608	607	17	 8.498090	 0.499888
609	608	13	 6.499690	 0.499976
610	609	17	 8.499999	 0.500000
611	610	13	 6.501468	 0.500113
612	611	14	 6.999283	 0.499949
613	612	14	 7.001121	 0.500080
614	613	19	 9.498665	 0.499930
615	614	15	 7.499266	 0.499951
616	615	15	 7.498453	 0.499897
617	616	12	 5.998379	 0.499865
618	617	19	 9.500313	 0.500016
619	618	17	 8.497413	 0.499848
620	619	17	 8.500039	 0.500002
621	620	15	 7.499426	 0.499962
622	621	18	 9.000504	 0.500028
623	622	14	 7.001012	 0.500072
624	623	12	 5.998949	 0.499912
625	624	19	 9.500712	 0.500037
626	625	16	 7.997780	 0.499861
627	626	17	 8.499148	 0.499950
628	627	16	 7.999463	 0.499966
629	628	17	 8.498770	 0.499928
630	629	13	 6.499599	 0.499969
631	630	15	 7.501050	 0.500070
632	631	14	 6.998091	 0.499864
633	632	17	 8.500432	 0.500025
634	633	18	 8.996777	 0.499821
635	634	20	 9.998470	 0.499923
636	635	16	 8.000312	 0.500020
637	636	18	 8.998827	 0.499935
638	637	20	 9.996560	 0.499828
639	638	14	 7.000885	 0.500063
640	639	17	 8.500321	 0.500019
641	640	17	 8.500667	 0.500039
642	641	17	 8.500425	 0.500025
643	642	13	 6.499703	 0.499977
644	643	16	 8.000917	 0.500057
645	644	19	 9.499120	 0.499954
646	645	10	 4.999388	 0.499939
647	646	14	 7.000412	 0.500029
648	647	16	 7.999621	 0.499976
649	648	16	 7.998236	 0.499890
650	649	19	 9.498953	 0.499945
651	650	20	10.001194	 0.500060
652	651	18	 8.999887	 0.499994
653	652	15	 7.500320	 0.500021
654	653	16	 7.999888	 0.499993
655	654	14	 7.001254	 0.500090
656	655	17	 8.500536	 0.500032
657	656	13	 6.500274	 0.500021
658	657	20	 9.997346	 0.499867
659	658	12	 5.999338	 0.499945
660	659	18	 9.001230	 0.500068
661	660	20	 9.998261	 0.499913
662	661	17	 8.500381	 0.500022
663	662	18	 9.000582	 0.500032
664	663	19	 9.502147	 0.500113
665	664	16	 8.000961	 0.500060
666	665	19	 9.498120	 0.499901
667	666	18	 8.999303	 0.499961
668	667	15	 7.499776	 0.499985
669	668	18	 8.998373	 0.499910
670	669	12	 5.998833	 0.499903
671	670	18	 9.000253	 0.500014
672	671	16	 8.000314	 0.500020
673	672	16	 7.998660	 0.499916
674	673	16	 7.998306	 0.499894
675	674	16	 8.001095	 0.500068
676	675	20	10.002364	 0.500118
677	676	20	10.001371	 0.500069
678	677	12	 5.999150	 0.499929
679	678	16	 7.999199	 0.499950
680	679	17	 8.500726	 0.500043
681	680	17	 8.499006	 0.499942
682	681	17	 8.501298	 0.500076
683	682	17	 8.499730	 0.499984
684	683	16	 7.999547	 0.499972
685	684	14	 6.999404	 0.499957
686	685	17	 8.498231	 0.499896
687	686	16	 8.000153	 0.500010
688	687	19	 9.499540	 0.499976
689	688	15	 7.498763	 0.499918
690	689	19	 9.498589	 0.499926
691	690	20	10.000546	 0.500027
692	691	17	 8.499221	 0.499954
693	692	14	 6.999384	 0.499956
694	693	19	 9.499877	 0.499994
695	694	18	 9.000470	 0.500026
696	695	17	 8.500456	 0.500027
697	696	18	 8.997190	 0.499844
698	697	16	 7.998715	 0.499920
699	698	15	 7.500626	 0.500042
700	699	15	 7.500209	 0.500014
701	700	18	 9.000081	 0.500004
702	701	19	 9.497737	 0.499881
703	702	19	 9.503744	 0.500197
704	703	19	 9.499724	 0.499985
705	704	17	 8.498029	 0.499884
706	705	17	 8.499697	 0.499982
707	706	16	 8.001074	 0.500067
708	707	18	 9.000245	 0.500014
709	708	15	 7.500817	 0.500054
710	709	16	 8.000883	 0.500055
711	710	15	 7.501402	 0.500093
712	711	17	 8.499351	 0.499962
713	712	16	 7.999022	 0.499939
714	713	19	 9.501757	 0.500092
715	714	16	 7.999944	 0.499996
716	715	15	 7.500325	 0.500022
717	716	20	10.001758	 0.500088
718	717	20	 9.998660	 0.499933
719	718	15	 7.497561	 0.499837
720	719	16	 7.998892	 0.499931
721	720	18	 8.997998	 0.499889
722	721	20	10.001330	 0.500067
723	722	16	 7.999402	 0.499963
724	723	14	 7.000606	 0.500043
725	724	14	 7.000225	 0.500016
726	725	19	 9.499977	 0.499999
727	726	12	 5.999101	 0.499925
728	727	16	 7.999661	 0.499979
729	728	17	 8.498926	 0.499937
730	729	14	 6.998334	 0.499881
731	730	20	 9.998130	 0.499906
732	731	14	 7.000485	 0.500035
733	732	13	 6.500730	 0.500056
734	733	17	 8.500382	 0.500022
735	734	16	 7.997907	 0.499869
736	735	10	 5.001249	 0.500125
737	736	14	 6.999634	 0.499974
738	737	16	 7.999550	 0.499972
739	738	12	 5.997763	 0.499814
740	739	14	 7.001318	 0.500094
741	740	20	 9.999672	 0.499984
742	741	16	 8.001181	 0.500074
743	742	16	 8.000201	 0.500013
744	743	18	 8.999624	 0.499979
745	744	14	 6.998255	 0.499875
746	745	18	 9.000201	 0.500011
747	746	18	 9.000483	 0.500027
748	747	17	 8.499183	 0.499952
749	748	20	10.001768	 0.500088
750	749	14	 7.000068	 0.500005
751	750	18	 8.998544	 0.499919
752	751	15	 7.499839	 0.499989
753	752	18	 8.999822	 0.499990
754	753	17	 8.500658	 0.500039
755	754	15	 7.500268	 0.500018
756	755	15	 7.498977	 0.499932
757	756	16	 8.001494	 0.500093
758	757	16	 7.999517	 0.499970
759	758	12	 5.999579	 0.499965
760	759	10	 4.998936	 0.499894
761	760	18	 8.998844	 0.499936
762	761	15	 7.499535	 0.499969
763	762	13	 6.499189	 0.499938
764	763	18	 8.999383	 0.499966
765	764	15	 7.499223	 0.499948
766	765	12	 6.000905	 0.500075
767	766	15	 7.500111	 0.500007
768	767	16	 8.000904	 0.500057
769	768	19	 9.500262	 0.500014
770	769	18	 8.999843	 0.499991
771	770	14	 6.999525	 0.499966
772	771	15	 7.499484	 0.499966
773	772	14	 6.999234	 0.499945
774	773	14	 7.000742	 0.500053
775	774	12	 6.001689	 0.500141
776	775	14	 7.000214	 0.500015
777	776	17	 8.499793	 0.499988
778	777	14	 6.998541	 0.499896
779	778	10	 5.000016	 0.500002
780	779	18	 9.000084	 0.500005
781	780	15	 7.499853	 0.499990
782	781	16	 8.000059	 0.500004
783	782	16	 8.002781	 0.500174
784	783	18	 8.998942	 0.499941
785	784	20	 9.998941	 0.499947
786	785	19	 9.500914	 0.500048
787	786	14	 6.996763	 0.499769
788	787	19	 9.499065	 0.499951
789	788	18	 9.002275	 0.500126
790	789	15	 7.499599	 0.499973
791	790	15	 7.500408	 0.500027
792	791	18	 8.999398	 0.499967
793	792	20	 9.999679	 0.499984
794	793	18	 8.998249	 0.499903
795	794	17	 8.497799	 0.499871
796	795	14	 7.001601	 0.500114
797	796	17	 8.500360	 0.500021
798	797	18	 9.000400	 0.500022
799	798	16	 7.997631	 0.499852
800	799	18	 8.999752	 0.499986
801	800	18	 9.003501	 0.500195
802	801	19	 9.500884	 0.500047
803	802	18	 9.000484	 0.500027
804	803	16	 8.001519	 0.500095
805	804	16	 8.001141	 0.500071
806	805	16	 8.000028	 0.500002
807	806	20	10.000096	 0.500005
808	807	18	 9.000502	 0.500028
809	808	19	 9.500300	 0.500016
810	809	14	 7.000254	 0.500018
811	810	16	 7.999628	 0.499977
812	811	17	 8.498399	 0.499906
813	812	12	 5.998221	 0.499852
814	813	13	 6.499239	 0.499941
815	814	20	 9.998875	 0.499944
816	815	19	 9.501939	 0.500102
817	816	17	 8.498365	 0.499904
818	817	14	 7.000795	 0.500057
819	818	18	 8.998825	 0.499935
820	819	16	 8.001780	 0.500111
821	820	18	 9.001275	 0.500071
822	821	14	 7.001689	 0.500121
823	822	19	 9.501012	 0.500053
824	823	18	 8.998795	 0.499933
825	824	17	 8.500472	 0.500028
826	825	16	 8.000618	 0.500039
827	826	18	 8.998877	 0.499938
828	827	18	 8.998704	 0.499928
829	828	17	 8.498110	 0.499889
830	829	13	 6.498744	 0.499903
831	830	19	 9.501582	 0.500083
832	831	16	 8.000078	 0.500005
833	832	15	 7.499817	 0.499988
834	833	16	 7.998309	 0.499894
835	834	15	 7.499564	 0.499971
836	835	16	 7.998826	 0.499927
837	836	17	 8.499310	 0.499959
838	837	16	 8.000588	 0.500037
839	838	18	 9.000224	 0.500012
840	839	18	 8.999205	 0.499956
841	840	11	 5.499993	 0.499999
842	841	16	 7.999768	 0.499986
843	842	19	 9.502061	 0.500108
844	843	16	 8.000272	 0.500017
845	844	17	 8.499485	 0.499970
846	845	17	 8.498603	 0.499918
847	846	16	 8.002422	 0.500151
848	847	20	10.000772	 0.500039
849	848	16	 7.998743	 0.499921
850	849	15	 7.499543	 0.499970
851	850	18	 9.001483	 0.500082
852	851	15	 7.501615	 0.500108
853	852	14	 6.998140	 0.499867
854	853	13	 6.498557	 0.499889
855	854	13	 6.500471	 0.500036
856	855	16	 7.999911	 0.499994
857	856	18	 8.998475	 0.499915
858	857	15	 7.498523	 0.499902
859	858	19	 9.500574	 0.500030
860	859	18	 9.000680	 0.500038
861	860	20	10.001363	 0.500068
862	861	18	 8.999973	 0.499999
863	862	15	 7.500111	 0.500007
864	863	16	 7.999466	 0.499967
865	864	15	 7.501016	 0.500068
866	865	15	 7.499698	 0.499980
867	866	20	10.001623	 0.500081
868	867	14	 7.003311	 0.500236
869	868	16	 7.998643	 0.499915
870	869	14	 6.998395	 0.499885
871	870	15	 7.500198	 0.500013
872	871	18	 8.997880	 0.499882
873	872	18	 8.999619	 0.499979
874	873	17	 8.500894	 0.500053
875	874	16	 8.002140	 0.500134
876	875	18	 9.000640	 0.500036
877	876	17	 8.498671	 0.499922
878	877	18	 9.000425	 0.500024
879	878	16	 7.999952	 0.499997
880	879	20	10.001485	 0.500074
881	880	15	 7.499442	 0.499963
882	881	16	 8.001729	 0.500108
883	882	16	 7.997735	 0.499858
884	883	18	 9.000487	 0.500027
885	884	13	 6.501985	 0.500153
886	885	18	 8.998846	 0.499936
887	886	16	 7.999423	 0.499964
888	887	13	 6.499723	 0.499979
889	888	14	 6.999103	 0.499936
890	889	15	 7.501015	 0.500068
891	890	11	 5.501544	 0.500140
892	891	13	 6.499408	 0.499954
893	892	16	 8.001549	 0.500097
894	893	17	 8.499249	 0.499956
895	894	17	 8.500572	 0.500034
896	895	16	 7.999536	 0.499971
897	896	19	 9.501675	 0.500088
898	897	18	 8.999804	 0.499989
899	898	16	 8.002328	 0.500146
900	899	17	 8.498642	 0.499920
901	900	16	 8.000721	 0.500045
902	901	17	 8.500535	 0.500031
903	902	19	 9.500933	 0.500049
904	903	20	10.000752	 0.500038
905	904	17	 8.502140	 0.500126
906	905	14	 6.999205	 0.499943
907	906	17	 8.501865	 0.500110
908	907	17	 8.500887	 0.500052
909	908	18	 8.998445	 0.499914
910	909	15	 7.500896	 0.500060
911	910	15	 7.500187	 0.500012
912	911	16	 7.998058	 0.499879
913	912	16	 8.001655	 0.500103
914	913	18	 8.999651	 0.499981
915	914	16	 8.000601	 0.500038
916	915	15	 7.499917	 0.499994
917	916	20	 9.999791	 0.499990
918	917	16	 8.000216	 0.500013
919	918	19	 9.499202	 0.499958
920	919	14	 6.999262	 0.499947
921	920	20	10.000414	 0.500021
922	921	17	 8.500277	 0.500016
923	922	16	 8.000470	 0.500029
924	923	19	 9.500254	 0.500013
925	924	16	 8.000032	 0.500002
926	925	15	 7.498360	 0.499891
927	926	17	 8.499212	 0.499954
928	927	16	 7.999536	 0.499971
929	928	17	 8.499640	 0.499979
930	929	16	 7.999849	 0.499991
931	930	16	 7.999864	 0.499992
932	931	19	 9.500274	 0.500014
933	932	18	 8.999335	 0.499963
934	933	20	 9.999270	 0.499963
935	934	14	 7.000627	 0.500045
936	935	16	 7.997988	 0.499874
937	936	19	 9.500175	 0.500009
938	937	13	 6.499751	 0.499981
939	938	14	 7.000190	 0.500014
940	939	14	 7.003194	 0.500228
941	940	15	 7.501716	 0.500114
942	941	14	 7.003355	 0.500240
943	942	16	 8.004037	 0.500252
944	943	17	 8.504122	 0.500242
945	944	16	 8.003059	 0.500191
946	945	13	 6.499684	 0.499976
947	946	18	 9.001490	 0.500083
948	947	12	 6.002478	 0.500206
949	948	20	 9.999797	 0.499990
950	949	18	 9.000035	 0.500002
951	950	18	 9.005239	 0.500291
952	951	19	 9.504976	 0.500262
953	952	16	 8.002107	 0.500132
954	953	20	 9.999094	 0.499955
955	954	15	 7.501290	 0.500086
956	955	17	 8.504954	 0.500291
957	956	17	 8.501306	 0.500077
958	957	15	 7.504475	 0.500298
959	958	15	 7.503297	 0.500220
960	959	16	 8.005329	 0.500333
961	960	19	 9.504677	 0.500246
962	961	19	 9.501990	 0.500105
963	962	20	10.007671	 0.500384
964	963	18	 9.001568	 0.500087
965	964	17	 8.507618	 0.500448
966	965	16	 8.001210	 0.500076
967	966	20	10.001103	 0.500055
968	967	18	 8.999734	 0.499985
969	968	15	 7.503223	 0.500215
970	969	17	 8.502527	 0.500149
971	970	19	 9.500150	 0.500008
972	971	16	 8.002622	 0.500164
973	972	13	 6.501361	 0.500105
974	973	15	 7.498503	 0.499900
975	974	14	 7.000444	 0.500032
976	975	13	 6.503038	 0.500234
977	976	18	 9.003047	 0.500169
978	977	15	 7.502795	 0.500186
979	978	16	 8.003099	 0.500194
980	979	17	 8.497356	 0.499844
981	980	16	 8.003315	 0.500207
982	981	17	 8.506395	 0.500376
983	982	18	 9.008451	 0.500469
984	983	19	 9.499634	 0.499981
985	984	18	 9.002491	 0.500138
986	985	18	 9.000906	 0.500050
987	986	11	 5.507441	 0.500676
988	987	16	 8.003064	 0.500191
989	988	18	 9.003536	 0.500196
990	989	12	 5.997026	 0.499752
991	990	19	 9.497196	 0.499852
992	991	20	 9.999580	 0.499979
993	992	18	 9.000607	 0.500034
994	993	20	 9.995271	 0.499764
995	994	19	 9.504245	 0.500223
996	995	11	 5.504147	 0.500377
997	996	14	 6.998736	 0.499910
998	997	15	 7.504002	 0.500267
999	998	15	 7.512363	 0.500824
1000	999	17	 8.509690	 0.500570
1001	1000	16	 8.005446	 0.500340
1002	1001	19	 9.509924	 0.500522
1003	1002	16	 8.002144	 0.500134
1004	1003	18	 9.008092	 0.500450
1005	1004	20	10.004086	 0.500204
1006	1005	20	10.004024	 0.500201
1007	1006	16	 7.997300	 0.499831
1008	1007	14	 7.001669	 0.500119
1009	1008	13	 6.500031	 0.500002
1010	1009	20	10.000946	 0.500047
1011	1010	16	 8.001436	 0.500090
1012	1011	13	 6.498244	 0.499865
1013	1012	15	 7.498641	 0.499909
1014	1013	19	 9.502452	 0.500129
1015	1014	18	 9.005375	 0.500299
1016	1015	15	 7.506940	 0.500463
1017	1016	11	 5.505204	 0.500473
1018	1017	18	 9.005340	 0.500297
1019	1018	13	 6.504052	 0.500312
1020	1019	20	10.007135	 0.500357
1021	1020	20	10.002765	 0.500138
1022	1021	14	 7.000604	 0.500043
1023	1022	18	 9.001770	 0.500098
1024	1023	19	 9.503916	 0.500206
1025	1024	15	 7.500644	 0.500043
1026	1025	15	 7.508225	 0.500548
1027	1026	20	10.007097	 0.500355
1028	1027	20	10.009149	 0.500457
1029	1028	20	10.001378	 0.500069
1030	1029	16	 8.006579	 0.500411
1031	1030	16	 8.005715	 0.500357
1032	1031	10	 4.999650	 0.499965
1033	1032	14	 7.006701	 0.500479
1034	1033	18	 9.009434	 0.500524
1035	1034	12	 6.002905	 0.500242
1036	1035	19	 9.500962	 0.500051
1037	1036	17	 8.500611	 0.500036
1038	1037	17	 8.502992	 0.500176
1039	1038	18	 9.000565	 0.500031
1040	1039	18	 9.004113	 0.500229
1041	1040	14	 7.003873	 0.500277
1042	1041	14	 6.999941	 0.499996
1043	1042	18	 9.004272	 0.500237
1044	1043	17	 8.507109	 0.500418
