179
495
670
598
233
315
137
61
699
1022
318
174
271
970
941
867
811
584
1028
784
891
100
820
807
679
583
295
843
353
168
1042
769
908
422
938
399
157
750
901
819
91
307
213
34
961
515
358
536
874
65
557
792
235
667
154
491
169
858
767
146
634
301
715
314
1
319
701
1011
604
545
218
247
949
618
732
188
506
92
473
839
780
229
759
75
274
134
369
992
517
87
195
533
372
723
531
401
80
440
7
865
360
547
48
675
652
776
182
743
522
744
132
28
193
785
631
299
412
689
761
528
561
1001
772
296
749
676
263
428
754
985
620
862
64
248
404
454
219
79
757
59
203
869
498
625
796
1029
96
895
687
1004
760
72
459
739
328
49
872
438
373
207
332
255
832
617
144
603
32
161
619
17
894
211
500
143
953
886
370
439
185
656
294
1021
565
513
480
965
403
683
798
484
821
717
258
312
968
331
14
349
651
1039
927
593
429
434
339
539
662
23
35
181
279
36
43
90
460
359
697
702
465
959
278
946
912
810
411
532
489
451
427
920
987
348
766
709
830
673
126
241
733
383
974
616
864
238
829
680
577
647
719
840
945
444
518
455
81
70
859
790
89
202
910
727
234
745
327
681
917
352
747
33
223
153
896
671
672
237
453
770
855
519
983
15
46
435
479
268
12
493
186
755
523
595
768
467
994
85
330
433
632
478
935
326
165
463
608
850
1027
1006
605
638
222
730
708
844
1012
311
240
520
639
773
392
663
410
880
88
1038
1035
25
380
485
541
297
833
140
729
505
716
290
546
900
30
592
1013
442
309
993
378
145
197
781
371
797
184
298
521
205
579
62
731
124
286
424
113
417
276
998
221
995
187
304
877
97
977
610
835
698
721
199
879
644
866
700
291
376
884
736
922
171
1003
799
384
361
350
436
586
980
127
712
437
208
857
365
777
285
996
71
441
418
482
407
393
164
270
543
308
972
530
726
406
635
834
627
991
746
209
540
779
775
150
714
166
818
251
890
63
707
357
860
889
696
16
10
928
128
236
940
955
78
375
774
888
183
409
398
711
244
566
486
175
45
242
831
39
76
303
771
196
267
607
982
351
138
106
795
230
215
47
476
397
614
355
57
878
856
585
52
943
948
329
382
812
659
250
280
801
816
142
576
256
926
822
966
516
808
905
682
984
431
289
802
501
69
82
450
640
2
695
823
979
204
957
159
706
388
471
684
756
580
457
914
95
68
13
341
559
725
514
963
873
379
569
836
306
148
228
421
425
512
728
931
847
275
1002
432
990
111
190
29
390
713
246
783
615
958
8
863
907
633
67
1008
629
133
674
685
587
837
742
594
317
572
813
345
551
851
344
316
883
871
903
535
852
131
302
838
19
414
24
636
105
483
492
277
571
26
44
494
423
472
1007
666
37
320
323
3
413
475
897
1005
18
686
198
589
854
340
60
324
363
882
782
120
542
939
932
765
692
1031
160
511
951
929
524
815
986
622
210
906
704
84
817
158
110
469
313
885
944
654
964
227
54
976
919
800
669
21
828
51
930
1026
1033
735
445
281
504
942
548
529
129
861
809
664
245
574
200
336
466
762
172
86
786
107
1025
752
300
841
643
904
650
660
464
488
163
265
481
668
162
11
653
9
1019
554
321
803
94
916
499
563
507
596
212
658
525
794
758
1030
192
20
449
678
368
814
364
1043
1034
876
693
787
952
611
881
902
214
549
77
342
121
988
705
461
104
252
5
310
73
510
136
139
703
788
911
419
649
609
1036
751
141
178
180
42
558
206
657
201
642
969
1014
1018
597
562
1016
846
718
155
426
366
468
394
356
288
989
381
913
334
346
691
31
22
826
147
443
396
575
402
287
898
954
477
804
118
641
661
362
502
377
648
724
606
688
177
899
909
283
740
338
99
1017
937
1041
582
978
416
537
470
103
41
981
257
408
58
405
282
266
628
621
272
567
119
115
887
474
173
646
875
354
645
599
239
273
254
534
225
553
624
845
738
1020
125
490
971
176
391
710
347
293
152
112
108
151
915
778
933
789
83
602
556
868
677
538
135
1040
452
892
544
447
694
997
260
269
825
264
960
149
623
853
550
552
1044
458
612
1032
259
217
496
343
101
109
560
337
262
167
690
400
56
805
374
53
284
842
722
497
503
74
387
322
600
555
806
665
509
973
924
231
385
243
591
655
925
220
253
325
508
564
962
590
6
1000
456
849
791
1023
570
956
335
50
999
824
122
487
102
741
893
117
114
764
232
292
116
613
588
720
1010
950
737
194
568
923
191
189
224
389
305
763
637
573
430
40
527
446
216
249
793
1015
333
630
870
156
934
93
123
848
261
1009
753
601
226
55
918
130
1037
448
98
367
734
936
748
170
420
581
947
967
1024
66
526
578
4
626
462
415
38
975
921
827
395
386
27
