104
486
345
872
290
407
341
217
571
48
589
814
891
658
394
473
41
955
790
828
719
696
264
531
953
547
364
705
629
269
1
1018
1035
694
470
150
854
109
553
469
978
683
157
509
60
808
214
725
870
522
36
797
271
966
284
88
435
664
657
34
59
53
714
265
930
205
764
70
632
894
286
92
595
172
434
663
14
108
16
864
297
1016
23
25
585
794
1004
433
709
893
280
153
566
156
799
617
855
412
113
848
965
859
812
274
454
830
845
35
387
628
425
488
791
317
651
380
324
876
1043
140
8
129
824
843
490
255
69
920
665
68
160
417
201
142
671
178
373
685
363
1010
805
495
1014
731
697
756
299
555
988
379
309
13
336
989
112
636
219
389
909
550
940
916
139
813
432
602
982
50
520
609
748
942
257
889
91
763
226
944
652
840
79
896
7
306
926
166
323
103
516
2
1015
892
119
623
207
927
888
1017
618
64
943
143
717
371
133
653
1026
648
151
132
826
367
573
803
793
1011
128
481
241
1038
482
220
126
183
51
74
669
600
981
381
405
631
954
804
562
931
188
191
52
646
687
21
607
835
86
95
861
1002
163
785
781
552
480
114
882
227
131
447
967
321
199
233
478
660
287
517
649
691
976
145
263
847
973
959
557
339
951
47
582
995
497
393
923
1022
136
850
368
211
102
887
56
176
862
1040
455
666
268
171
681
164
99
436
604
333
496
796
753
445
603
702
295
772
362
273
457
561
925
902
1020
101
169
365
996
203
640
261
684
612
774
155
1001
42
398
514
556
860
637
768
232
185
283
281
972
471
444
654
250
751
409
184
692
360
667
388
875
182
413
647
837
626
450
377
934
215
216
695
1027
873
802
739
544
202
492
710
579
310
511
883
77
820
89
907
369
834
305
37
620
998
732
67
402
97
84
366
693
740
27
115
672
319
601
80
590
186
963
789
730
564
829
874
912
246
782
418
327
536
841
374
39
786
291
392
543
3
292
464
58
356
5
713
682
438
975
615
932
512
135
325
956
249
539
127
439
17
400
326
928
650
33
81
534
1024
116
911
903
228
521
251
838
29
515
111
1029
57
580
980
302
818
331
587
917
606
549
569
419
729
73
866
853
919
668
586
689
253
100
189
334
448
259
528
596
180
974
130
723
758
422
382
630
198
300
538
576
225
122
6
304
234
423
40
65
503
12
1006
833
964
26
117
554
494
19
208
1030
565
458
483
518
1012
337
200
385
71
148
399
880
426
237
359
357
558
238
181
856
414
655
221
529
354
983
152
146
592
187
527
715
613
22
296
545
924
316
858
328
575
260
535
18
642
519
43
993
842
798
254
577
968
844
262
90
619
707
765
350
258
997
644
278
611
344
915
1008
699
513
994
429
836
773
190
424
105
752
272
704
581
677
410
1023
735
485
31
810
489
608
525
724
594
82
361
921
933
408
289
124
962
415
1041
461
778
72
745
659
700
780
30
491
94
404
661
229
867
816
397
206
884
679
62
935
958
484
500
929
351
728
890
908
792
307
990
298
977
403
493
244
294
670
270
1031
738
992
285
165
311
1025
947
320
744
411
591
572
24
230
762
881
322
204
593
950
507
563
375
420
370
177
256
711
175
749
44
948
279
901
147
726
314
811
1037
75
416
733
352
10
701
449
703
621
301
823
871
878
627
1028
212
832
348
801
831
914
776
1042
551
560
28
54
85
282
574
222
346
391
825
505
159
616
568
453
347
66
1033
775
588
674
45
477
288
795
355
970
332
718
223
121
456
690
755
329
532
209
170
614
633
771
502
857
815
441
734
1036
788
174
546
757
885
742
597
736
599
236
537
83
395
76
20
466
787
548
610
342
904
949
15
472
465
38
559
987
107
1005
746
673
952
720
161
937
499
313
195
849
939
750
462
806
277
852
442
343
443
570
961
897
224
196
979
120
754
686
98
383
476
1007
1034
759
567
149
643
510
960
96
712
869
999
303
245
905
957
235
141
946
154
991
777
452
468
179
87
898
504
125
819
266
986
437
918
688
318
817
722
737
984
766
242
879
941
540
900
625
846
239
770
656
530
123
501
800
578
463
330
275
231
779
446
55
760
635
134
11
868
913
678
247
459
9
761
93
1021
822
252
583
194
474
721
78
741
809
248
213
716
430
162
144
353
218
106
971
1013
895
1032
243
906
985
886
1003
167
698
46
675
431
193
396
32
1000
708
526
605
158
401
784
877
662
1019
743
349
240
406
865
378
340
487
523
706
315
767
451
945
197
475
308
1039
851
969
910
1044
899
622
584
533
641
645
192
421
827
863
541
922
639
390
384
428
506
386
1009
440
338
110
358
276
427
769
936
376
676
479
638
137
293
118
173
460
4
168
61
524
210
467
634
335
727
372
783
312
839
680
542
807
747
598
138
267
63
624
508
498
938
49
821
