1	0	0	 0.000000	 0.000000
2	1	2	 1.000382	 0.500191
3	2	2	 0.999049	 0.499524
4	3	0	 0.000000	 0.000000
5	4	2	 0.999074	 0.499537
6	5	2	 0.999893	 0.499947
7	6	2	 1.000358	 0.500179
8	7	1	 0.500120	 0.500120
9	8	2	 1.000885	 0.500443
10	9	2	 1.000318	 0.500159
11	10	2	 1.000848	 0.500424
12	11	2	 0.999899	 0.499949
13	12	2	 1.000326	 0.500163
14	13	0	 0.000000	 0.000000
15	14	2	 1.000198	 0.500099
16	15	0	 0.000000	 0.000000
17	16	2	 0.999220	 0.499610
18	17	2	 0.999899	 0.499949
19	18	2	 0.999905	 0.499953
20	19	2	 1.000190	 0.500095
21	20	2	 1.000404	 0.500202
22	21	2	 0.999900	 0.499950
23	22	0	 0.000000	 0.000000
24	23	2	 1.000488	 0.500244
25	24	0	 0.000000	 0.000000
26	25	2	 0.999901	 0.499950
27	26	2	 0.999281	 0.499641
28	27	2	 1.000300	 0.500150
29	28	2	 0.999546	 0.499773
30	29	2	 1.000062	 0.500031
31	30	2	 1.000060	 0.500030
32	31	2	 1.000829	 0.500415
33	32	2	 0.999175	 0.499587
34	33	0	 0.000000	 0.000000
35	34	1	 0.500110	 0.500110
36	35	0	 0.000000	 0.000000
37	36	2	 0.999256	 0.499628
38	37	2	 1.000667	 0.500333
39	38	2	 0.999157	 0.499578
40	39	2	 0.999893	 0.499946
41	40	0	 0.000000	 0.000000
42	41	2	 0.999802	 0.499901
43	42	2	 0.999885	 0.499942
44	43	2	 1.000519	 0.500259
45	44	2	 1.000210	 0.500105
46	45	2	 1.000847	 0.500424
47	46	2	 1.000287	 0.500143
48	47	0	 0.000000	 0.000000
49	48	0	 0.000000	 0.000000
50	49	2	 1.000357	 0.500178
51	50	2	 1.000466	 0.500233
52	51	2	 1.000461	 0.500231
53	52	0	 0.000000	 0.000000
54	53	2	 1.000332	 0.500166
55	54	2	 1.000882	 0.500441
56	55	2	 1.000292	 0.500146
57	56	2	 0.999502	 0.499751
58	57	2	 0.999120	 0.499560
59	58	0	 0.000000	 0.000000
60	59	0	 0.000000	 0.000000
61	60	0	 0.000000	 0.000000
62	61	2	 1.000061	 0.500031
63	62	0	 0.000000	 0.000000
64	63	2	 1.000356	 0.500178
65	64	2	 0.999883	 0.499942
66	65	2	 1.000335	 0.500167
67	66	2	 0.999215	 0.499607
68	67	1	 0.500118	 0.500118
69	68	1	 0.500118	 0.500118
70	69	0	 0.000000	 0.000000
71	70	2	 0.999883	 0.499942
72	71	2	 1.000060	 0.500030
73	72	2	 0.999503	 0.499751
74	73	2	 1.000467	 0.500233
75	74	2	 1.000341	 0.500170
76	75	2	 1.000224	 0.500112
77	76	2	 0.999184	 0.499592
78	77	2	 1.000931	 0.500465
79	78	2	 1.000365	 0.500183
80	79	2	 0.999080	 0.499540
81	80	2	 0.999077	 0.499539
82	81	2	 1.000063	 0.500032
83	82	2	 1.000228	 0.500114
84	83	2	 0.999181	 0.499590
85	84	2	 1.000341	 0.500171
86	85	2	 1.000479	 0.500239
87	86	2	 1.000902	 0.500451
88	87	0	 0.000000	 0.000000
89	88	2	 0.999184	 0.499592
90	89	2	 0.999877	 0.499938
91	90	2	 1.000349	 0.500175
92	91	0	 0.000000	 0.000000
93	92	2	 1.000912	 0.500456
94	93	2	 1.000061	 0.500031
95	94	2	 1.000448	 0.500224
96	95	2	 1.000665	 0.500332
97	96	2	 0.999306	 0.499653
98	97	2	 1.000606	 0.500303
99	98	2	 0.999828	 0.499914
100	99	2	 0.999595	 0.499797
101	100	2	 0.999839	 0.499919
102	101	2	 1.000252	 0.500126
103	102	2	 1.000276	 0.500138
104	103	0	 0.000000	 0.000000
105	104	2	 0.999910	 0.499955
106	105	2	 1.000698	 0.500349
107	106	2	 1.000539	 0.500269
108	107	0	 0.000000	 0.000000
109	108	0	 0.000000	 0.000000
110	109	0	 0.000000	 0.000000
111	110	2	 0.999633	 0.499816
112	111	2	 1.000267	 0.500133
113	112	0	 0.000000	 0.000000
114	113	2	 1.000234	 0.500117
115	114	2	 0.999418	 0.499709
116	115	2	 0.999631	 0.499815
117	116	2	 0.999920	 0.499960
118	117	0	 0.000000	 0.000000
119	118	2	 1.000268	 0.500134
120	119	2	 1.000532	 0.500266
121	120	2	 1.000158	 0.500079
122	121	2	 0.999926	 0.499963
123	122	2	 1.000629	 0.500315
124	123	2	 1.000051	 0.500025
125	124	2	 1.000615	 0.500307
126	125	2	 1.000331	 0.500166
127	126	2	 0.999385	 0.499693
128	127	2	 1.000322	 0.500161
129	128	1	 0.500082	 0.500082
130	129	2	 0.999666	 0.499833
131	130	2	 1.000215	 0.500107
132	131	2	 1.000326	 0.500163
133	132	2	 1.000333	 0.500166
134	133	2	 1.000632	 0.500316
135	134	2	 0.999349	 0.499674
136	135	2	 1.000228	 0.500114
137	136	0	 0.000000	 0.000000
138	137	0	 0.000000	 0.000000
139	138	2	 1.000282	 0.500141
140	139	1	 0.500093	 0.500093
141	140	2	 1.000697	 0.500348
142	141	1	 0.500098	 0.500098
143	142	2	 1.000397	 0.500198
144	143	2	 1.000762	 0.500381
145	144	2	 1.000273	 0.500137
146	145	2	 0.999902	 0.499951
147	146	2	 1.000281	 0.500141
148	147	2	 0.999912	 0.499956
149	148	2	 1.000612	 0.500306
150	149	0	 0.000000	 0.000000
151	150	2	 1.000404	 0.500202
152	151	2	 0.999905	 0.499953
153	152	0	 0.000000	 0.000000
154	153	2	 1.000767	 0.500384
155	154	2	 0.999818	 0.499909
156	155	0	 0.000000	 0.000000
157	156	0	 0.000000	 0.000000
158	157	1	 0.500442	 0.500442
159	158	2	 1.000304	 0.500152
160	159	1	 0.500111	 0.500111
161	160	2	 1.000648	 0.500324
162	161	2	 1.000843	 0.500421
163	162	2	 1.000442	 0.500221
164	163	2	 1.000292	 0.500146
165	164	2	 1.000533	 0.500267
166	165	2	 1.000351	 0.500176
167	166	2	 1.000887	 0.500444
168	167	0	 0.000000	 0.000000
169	168	2	 0.999788	 0.499894
170	169	2	 1.000224	 0.500112
171	170	2	 1.000305	 0.500152
172	171	0	 0.000000	 0.000000
173	172	0	 0.000000	 0.000000
174	173	2	 1.000227	 0.500114
175	174	2	 1.000565	 0.500282
176	175	2	 1.000311	 0.500156
177	176	2	 1.000569	 0.500284
178	177	1	 0.500123	 0.500123
179	178	2	 1.000911	 0.500455
180	179	2	 0.999485	 0.499743
181	180	2	 0.999888	 0.499944
182	181	2	 0.999183	 0.499592
183	182	2	 1.000481	 0.500241
184	183	2	 0.999783	 0.499891
185	184	2	 0.999783	 0.499891
186	185	2	 0.999055	 0.499527
187	186	2	 0.999873	 0.499937
188	187	2	 1.000491	 0.500246
189	188	2	 0.999480	 0.499740
190	189	2	 0.999872	 0.499936
191	190	2	 1.000495	 0.500247
192	191	1	 0.500515	 0.500515
193	192	2	 1.000957	 0.500478
194	193	2	 1.000953	 0.500476
195	194	2	 1.000745	 0.500373
196	195	2	 1.000753	 0.500377
197	196	1	 0.500514	 0.500514
198	197	2	 0.999468	 0.499734
199	198	2	 1.000322	 0.500161
200	199	2	 0.999876	 0.499938
201	200	1	 0.500128	 0.500128
202	201	2	 0.999148	 0.499574
203	202	2	 0.999773	 0.499887
204	203	2	 1.000597	 0.500298
205	204	0	 0.000000	 0.000000
206	205	2	 1.000064	 0.500032
207	206	2	 1.000382	 0.500191
208	207	2	 0.999879	 0.499939
209	208	2	 1.000239	 0.500120
210	209	0	 0.000000	 0.000000
211	210	2	 1.000327	 0.500163
212	211	2	 1.000362	 0.500181
213	212	2	 1.000981	 0.500490
214	213	0	 0.000000	 0.000000
215	214	2	 0.999144	 0.499572
216	215	2	 0.999140	 0.499570
217	216	0	 0.000000	 0.000000
218	217	2	 1.000978	 0.500489
219	218	2	 1.000383	 0.500191
220	219	2	 1.000499	 0.500250
221	220	2	 0.999878	 0.499939
222	221	2	 1.000364	 0.500182
223	222	2	 1.000243	 0.500121
224	223	2	 1.000778	 0.500389
225	224	2	 0.999877	 0.499939
226	225	2	 1.000385	 0.500193
227	226	2	 1.000329	 0.500164
228	227	2	 0.999458	 0.499729
229	228	2	 1.000069	 0.500035
230	229	2	 1.000603	 0.500302
231	230	2	 1.000955	 0.500477
232	231	2	 0.999772	 0.499886
233	232	2	 1.000329	 0.500164
234	233	2	 0.999875	 0.499937
235	234	2	 1.000959	 0.500479
236	235	2	 1.000245	 0.500123
237	236	2	 0.999874	 0.499937
238	237	2	 0.999873	 0.499936
239	238	2	 1.000963	 0.500482
240	239	1	 0.500528	 0.500528
241	240	2	 1.000508	 0.500254
242	241	2	 1.000962	 0.500481
243	242	2	 1.000984	 0.500492
244	243	2	 1.000600	 0.500300
245	244	2	 1.000948	 0.500474
246	245	2	 0.999028	 0.499514
247	246	2	 1.000960	 0.500480
248	247	2	 1.000962	 0.500481
249	248	2	 0.999049	 0.499525
250	249	2	 0.999777	 0.499889
251	250	2	 0.999484	 0.499742
252	251	2	 1.000939	 0.500469
253	252	2	 0.999487	 0.499744
254	253	2	 0.999869	 0.499934
255	254	1	 0.500121	 0.500121
256	255	2	 1.000572	 0.500286
257	256	2	 1.000369	 0.500185
258	257	2	 0.999869	 0.499935
259	258	2	 0.999492	 0.499746
260	259	2	 0.999870	 0.499935
261	260	2	 0.999783	 0.499892
262	261	2	 0.999871	 0.499935
263	262	2	 1.000300	 0.500150
264	263	0	 0.000000	 0.000000
265	264	0	 0.000000	 0.000000
266	265	2	 1.000885	 0.500442
267	266	0	 0.000000	 0.000000
268	267	2	 1.000298	 0.500149
269	268	0	 0.000000	 0.000000
270	269	2	 1.000554	 0.500277
271	270	0	 0.000000	 0.000000
272	271	2	 1.000057	 0.500029
273	272	2	 0.999790	 0.499895
274	273	1	 0.500119	 0.500119
275	274	2	 1.000879	 0.500439
276	275	0	 0.000000	 0.000000
277	276	2	 1.000700	 0.500350
278	277	2	 0.999883	 0.499941
279	278	2	 1.000540	 0.500270
280	279	0	 0.000000	 0.000000
281	280	2	 0.999799	 0.499899
282	281	2	 1.000324	 0.500162
283	282	2	 0.999799	 0.499899
284	283	0	 0.000000	 0.000000
285	284	2	 1.000533	 0.500267
286	285	0	 0.000000	 0.000000
287	286	2	 1.000313	 0.500157
288	287	2	 1.000202	 0.500101
289	288	2	 1.000046	 0.500023
290	289	0	 0.000000	 0.000000
291	290	2	 0.999140	 0.499570
292	291	2	 0.999150	 0.499575
293	292	0	 0.000000	 0.000000
294	293	2	 1.000514	 0.500257
295	294	2	 0.999810	 0.499905
296	295	2	 0.999897	 0.499949
297	296	0	 0.000000	 0.000000
298	297	2	 1.000492	 0.500246
299	298	1	 0.500110	 0.500110
300	299	2	 0.999908	 0.499954
301	300	2	 1.000299	 0.500150
302	301	2	 0.999563	 0.499781
303	302	2	 1.000792	 0.500396
304	303	2	 0.999911	 0.499956
305	304	2	 0.999262	 0.499631
306	305	2	 1.000323	 0.500162
307	306	2	 1.000444	 0.500222
308	307	1	 0.500399	 0.500399
309	308	2	 1.000300	 0.500150
310	309	2	 0.999358	 0.499679
311	310	2	 1.000439	 0.500219
312	311	0	 0.000000	 0.000000
313	312	2	 1.000582	 0.500291
314	313	2	 1.000269	 0.500134
315	314	1	 0.500403	 0.500403
316	315	2	 0.999904	 0.499952
317	316	1	 0.500105	 0.500105
318	317	2	 1.000742	 0.500371
319	318	2	 0.999366	 0.499683
320	319	2	 1.000448	 0.500224
321	320	2	 1.000243	 0.500121
322	321	2	 1.000438	 0.500219
323	322	2	 1.000299	 0.500149
324	323	1	 0.500102	 0.500102
325	324	2	 0.999263	 0.499632
326	325	2	 0.999242	 0.499621
327	326	2	 0.999218	 0.499609
328	327	2	 0.999896	 0.499948
329	328	2	 1.000176	 0.500088
330	329	2	 1.000738	 0.500369
331	330	2	 0.999594	 0.499797
332	331	2	 1.000179	 0.500090
333	332	2	 0.999820	 0.499910
334	333	2	 0.999602	 0.499801
335	334	0	 0.000000	 0.000000
336	335	2	 1.000307	 0.500154
337	336	2	 0.999925	 0.499962
338	337	0	 0.000000	 0.000000
339	338	2	 1.000265	 0.500133
340	339	1	 0.500405	 0.500405
341	340	0	 0.000000	 0.000000
342	341	2	 1.000186	 0.500093
343	342	2	 1.000641	 0.500321
344	343	2	 0.999903	 0.499951
345	344	0	 0.000000	 0.000000
346	345	2	 1.000283	 0.500141
347	346	2	 1.000287	 0.500144
348	347	2	 1.000289	 0.500145
349	348	1	 0.500437	 0.500437
350	349	2	 0.999896	 0.499948
351	350	2	 1.000493	 0.500247
352	351	2	 1.000285	 0.500143
353	352	2	 1.000814	 0.500407
354	353	2	 0.999909	 0.499954
355	354	2	 1.000190	 0.500095
356	355	2	 0.999193	 0.499597
357	356	2	 0.999907	 0.499953
358	357	0	 0.000000	 0.000000
359	358	2	 0.999908	 0.499954
360	359	2	 0.999254	 0.499627
361	360	2	 1.000059	 0.500029
362	361	2	 0.999813	 0.499907
363	362	1	 0.500114	 0.500114
364	363	0	 0.000000	 0.000000
365	364	2	 0.999812	 0.499906
366	365	2	 0.999247	 0.499624
367	366	2	 1.000442	 0.500221
368	367	2	 1.000309	 0.500155
369	368	2	 0.999238	 0.499619
370	369	2	 1.000507	 0.500253
371	370	2	 1.000442	 0.500221
372	371	0	 0.000000	 0.000000
373	372	1	 0.500114	 0.500114
374	373	2	 0.999186	 0.499593
375	374	2	 1.000496	 0.500248
376	375	0	 0.000000	 0.000000
377	376	2	 0.999274	 0.499637
378	377	1	 0.500431	 0.500431
379	378	1	 0.500108	 0.500108
380	379	1	 0.500110	 0.500110
381	380	2	 1.000435	 0.500218
382	381	2	 0.999547	 0.499774
383	382	2	 1.000684	 0.500342
384	383	1	 0.500467	 0.500467
385	384	2	 0.999907	 0.499954
386	385	1	 0.500449	 0.500449
387	386	1	 0.500116	 0.500116
388	387	2	 0.999269	 0.499634
389	388	2	 1.000328	 0.500164
390	389	1	 0.500443	 0.500443
391	390	2	 1.000288	 0.500144
392	391	2	 0.999180	 0.499590
393	392	2	 1.000293	 0.500147
394	393	0	 0.000000	 0.000000
395	394	2	 1.000197	 0.500099
396	395	2	 1.000811	 0.500406
397	396	2	 1.000070	 0.500035
398	397	2	 0.999825	 0.499913
399	398	2	 0.999907	 0.499953
400	399	2	 0.999208	 0.499604
401	400	1	 0.500422	 0.500422
402	401	2	 0.999305	 0.499652
403	402	2	 1.000480	 0.500240
404	403	2	 1.000069	 0.500035
405	404	2	 1.000420	 0.500210
406	405	1	 0.500430	 0.500430
407	406	0	 0.000000	 0.000000
408	407	2	 1.000058	 0.500029
409	408	2	 0.999806	 0.499903
410	409	2	 1.000060	 0.500030
411	410	2	 1.000535	 0.500268
412	411	0	 0.000000	 0.000000
413	412	2	 0.999200	 0.499600
414	413	2	 0.999899	 0.499950
415	414	2	 1.000057	 0.500029
416	415	2	 1.000339	 0.500169
417	416	1	 0.500129	 0.500129
418	417	2	 0.999056	 0.499528
419	418	2	 0.999490	 0.499745
420	419	2	 1.000577	 0.500288
421	420	1	 0.500527	 0.500527
422	421	2	 0.999485	 0.499742
423	422	2	 0.999897	 0.499949
424	423	2	 0.999877	 0.499938
425	424	1	 0.500133	 0.500133
426	425	2	 0.999890	 0.499945
427	426	0	 0.000000	 0.000000
428	427	1	 0.500537	 0.500537
429	428	2	 0.999871	 0.499936
430	429	2	 1.001021	 0.500510
431	430	2	 1.001016	 0.500508
432	431	2	 1.000403	 0.500202
433	432	0	 0.000000	 0.000000
434	433	0	 0.000000	 0.000000
435	434	0	 0.000000	 0.000000
436	435	2	 0.999766	 0.499883
437	436	2	 1.001022	 0.500511
438	437	2	 0.998959	 0.499480
439	438	2	 0.998944	 0.499472
440	439	0	 0.000000	 0.000000
441	440	2	 1.000254	 0.500127
442	441	2	 1.000835	 0.500417
443	442	2	 1.000830	 0.500415
444	443	2	 0.999764	 0.499882
445	444	2	 0.999763	 0.499882
446	445	2	 1.001007	 0.500504
447	446	2	 1.000359	 0.500180
448	447	2	 0.999426	 0.499713
449	448	2	 1.000385	 0.500192
450	449	2	 0.999060	 0.499530
451	450	1	 0.500560	 0.500560
452	451	2	 1.001015	 0.500507
453	452	2	 1.000385	 0.500193
454	453	1	 0.500139	 0.500139
455	454	2	 1.000362	 0.500181
456	455	2	 1.000258	 0.500129
457	456	2	 0.999761	 0.499880
458	457	2	 0.999873	 0.499937
459	458	2	 1.001057	 0.500529
460	459	0	 0.000000	 0.000000
461	460	2	 1.000075	 0.500038
462	461	2	 1.000832	 0.500416
463	462	2	 1.001017	 0.500508
464	463	2	 0.998960	 0.499480
465	464	2	 1.000832	 0.500416
466	465	2	 1.000256	 0.500128
467	466	0	 0.000000	 0.000000
468	467	2	 1.001016	 0.500508
469	468	0	 0.000000	 0.000000
470	469	0	 0.000000	 0.000000
471	470	2	 0.999766	 0.499883
472	471	2	 1.000824	 0.500412
473	472	0	 0.000000	 0.000000
474	473	2	 1.001041	 0.500520
475	474	1	 0.500559	 0.500559
476	475	2	 1.000824	 0.500412
477	476	2	 1.000248	 0.500124
478	477	2	 1.000354	 0.500177
479	478	0	 0.000000	 0.000000
480	479	2	 1.000354	 0.500177
481	480	2	 1.000519	 0.500260
482	481	2	 1.000514	 0.500257
483	482	2	 0.999883	 0.499941
484	483	2	 1.000073	 0.500036
485	484	2	 1.000072	 0.500036
486	485	0	 0.000000	 0.000000
487	486	1	 0.500530	 0.500530
488	487	1	 0.500134	 0.500134
489	488	2	 1.000075	 0.500037
490	489	1	 0.500136	 0.500136
491	490	2	 1.000074	 0.500037
492	491	2	 0.999097	 0.499549
493	492	2	 1.000616	 0.500308
494	493	2	 0.999886	 0.499943
495	494	1	 0.500136	 0.500136
496	495	2	 0.999772	 0.499886
497	496	2	 1.000358	 0.500179
498	497	0	 0.000000	 0.000000
499	498	2	 1.000808	 0.500404
500	499	2	 1.000075	 0.500038
501	500	2	 1.000983	 0.500492
502	501	2	 1.000243	 0.500121
503	502	2	 0.999887	 0.499944
504	503	2	 1.000974	 0.500487
505	504	2	 1.000362	 0.500181
506	505	1	 0.500540	 0.500540
507	506	2	 1.000603	 0.500302
508	507	0	 0.000000	 0.000000
509	508	0	 0.000000	 0.000000
510	509	2	 1.000772	 0.500386
511	510	2	 0.999131	 0.499566
512	511	2	 0.999027	 0.499513
513	512	2	 0.999880	 0.499940
514	513	2	 0.999780	 0.499890
515	514	2	 0.999475	 0.499738
516	515	2	 1.000387	 0.500194
517	516	2	 1.000336	 0.500168
518	517	2	 0.999892	 0.499946
519	518	2	 0.999878	 0.499939
520	519	2	 1.000385	 0.500193
521	520	2	 0.999478	 0.499739
522	521	0	 0.000000	 0.000000
523	522	1	 0.500521	 0.500521
524	523	0	 0.000000	 0.000000
525	524	2	 1.000065	 0.500032
526	525	1	 0.500520	 0.500520
527	526	2	 0.999879	 0.499940
528	527	2	 0.999475	 0.499738
529	528	2	 0.999890	 0.499945
530	529	2	 1.000929	 0.500464
531	530	0	 0.000000	 0.000000
532	531	2	 1.000232	 0.500116
533	532	1	 0.500515	 0.500515
534	533	2	 0.999482	 0.499741
535	534	2	 0.999883	 0.499941
536	535	2	 0.999062	 0.499531
537	536	2	 1.000227	 0.500114
538	537	2	 0.999893	 0.499947
539	538	2	 0.999061	 0.499530
540	539	2	 1.000913	 0.500456
541	540	1	 0.500498	 0.500498
542	541	0	 0.000000	 0.000000
543	542	2	 0.999064	 0.499532
544	543	2	 0.999159	 0.499579
545	544	2	 0.999884	 0.499942
546	545	2	 1.000227	 0.500114
547	546	0	 0.000000	 0.000000
548	547	2	 1.000228	 0.500114
549	548	2	 0.999488	 0.499744
550	549	2	 1.000376	 0.500188
551	550	2	 1.000346	 0.500173
552	551	2	 1.000332	 0.500166
553	552	0	 0.000000	 0.000000
554	553	2	 0.999894	 0.499947
555	554	1	 0.500129	 0.500129
556	555	2	 0.999782	 0.499891
557	556	2	 1.000334	 0.500167
558	557	2	 0.999891	 0.499946
559	558	2	 1.000752	 0.500376
560	559	2	 1.000348	 0.500174
561	560	2	 0.999786	 0.499893
562	561	2	 1.000490	 0.500245
563	562	2	 1.000567	 0.500284
564	563	2	 0.999064	 0.499532
565	564	2	 0.999896	 0.499948
566	565	0	 0.000000	 0.000000
567	566	2	 1.000737	 0.500368
568	567	2	 1.000343	 0.500171
569	568	2	 0.999489	 0.499744
570	569	2	 1.000739	 0.500370
571	570	0	 0.000000	 0.000000
572	571	2	 1.000573	 0.500286
573	572	2	 1.000492	 0.500246
574	573	2	 1.000347	 0.500173
575	574	2	 0.999879	 0.499940
576	575	2	 0.999893	 0.499946
577	576	2	 0.999879	 0.499940
578	577	2	 1.000909	 0.500455
579	578	2	 0.999162	 0.499581
580	579	2	 0.999489	 0.499744
581	580	2	 1.000061	 0.500030
582	581	2	 1.000320	 0.500160
583	582	2	 1.000939	 0.500469
584	583	1	 0.500505	 0.500505
585	584	0	 0.000000	 0.000000
586	585	2	 0.999479	 0.499739
587	586	2	 0.999480	 0.499740
588	587	2	 1.000350	 0.500175
589	588	0	 0.000000	 0.000000
590	589	2	 0.999060	 0.499530
591	590	2	 1.000575	 0.500288
592	591	2	 0.999880	 0.499940
593	592	2	 1.000575	 0.500287
594	593	2	 1.000063	 0.500032
595	594	0	 0.000000	 0.000000
596	595	2	 0.999478	 0.499739
597	596	2	 1.000231	 0.500116
598	597	0	 0.000000	 0.000000
599	598	2	 1.000230	 0.500115
600	599	2	 1.000494	 0.500247
601	600	2	 0.999048	 0.499524
602	601	2	 1.000379	 0.500190
603	602	2	 0.999781	 0.499890
604	603	2	 0.999782	 0.499891
605	604	1	 0.500512	 0.500512
606	605	2	 0.999481	 0.499741
607	606	2	 1.000492	 0.500246
608	607	2	 1.000067	 0.500033
609	608	2	 1.000378	 0.500189
610	609	2	 1.000231	 0.500115
611	610	2	 0.999882	 0.499941
612	611	2	 0.999781	 0.499891
613	612	2	 0.999882	 0.499941
614	613	2	 1.000233	 0.500116
615	614	2	 0.999046	 0.499523
616	615	2	 1.000351	 0.500175
617	616	0	 0.000000	 0.000000
618	617	2	 1.000379	 0.500190
619	618	2	 0.999880	 0.499940
620	619	2	 0.999147	 0.499574
621	620	2	 1.000356	 0.500178
622	621	1	 0.500521	 0.500521
623	622	2	 1.000382	 0.500191
624	623	0	 0.000000	 0.000000
625	624	2	 1.000924	 0.500462
626	625	2	 0.999146	 0.499573
627	626	2	 1.000353	 0.500177
628	627	1	 0.500127	 0.500127
629	628	0	 0.000000	 0.000000
630	629	2	 0.999473	 0.499736
631	630	2	 1.000490	 0.500245
632	631	0	 0.000000	 0.000000
633	632	2	 1.000232	 0.500116
634	633	0	 0.000000	 0.000000
635	634	2	 1.000963	 0.500481
636	635	2	 1.000380	 0.500190
637	636	2	 0.999783	 0.499891
638	637	0	 0.000000	 0.000000
639	638	1	 0.500518	 0.500518
640	639	2	 0.999782	 0.499891
641	640	1	 0.500517	 0.500517
642	641	2	 0.999882	 0.499941
643	642	2	 1.000751	 0.500376
644	643	2	 0.999883	 0.499941
645	644	1	 0.500510	 0.500510
646	645	2	 1.000491	 0.500246
647	646	2	 0.999162	 0.499581
648	647	2	 1.000493	 0.500247
649	648	2	 1.000329	 0.500165
650	649	2	 0.999067	 0.499533
651	650	1	 0.500125	 0.500125
652	651	2	 1.000370	 0.500185
653	652	2	 1.000488	 0.500244
654	653	2	 0.999790	 0.499895
655	654	2	 0.999892	 0.499946
656	655	2	 1.000901	 0.500451
657	656	0	 0.000000	 0.000000
658	657	0	 0.000000	 0.000000
659	658	2	 1.000072	 0.500036
660	659	2	 1.000332	 0.500166
661	660	2	 1.000073	 0.500037
662	661	1	 0.500512	 0.500512
663	662	0	 0.000000	 0.000000
664	663	0	 0.000000	 0.000000
665	664	1	 0.500126	 0.500126
666	665	2	 1.000333	 0.500166
667	666	2	 0.999167	 0.499583
668	667	2	 0.999484	 0.499742
669	668	2	 1.000493	 0.500246
670	669	2	 1.000565	 0.500283
671	670	1	 0.500127	 0.500127
672	671	2	 0.999166	 0.499583
673	672	2	 1.000750	 0.500375
674	673	2	 1.000227	 0.500113
675	674	2	 1.000941	 0.500471
676	675	0	 0.000000	 0.000000
677	676	2	 1.000072	 0.500036
678	677	2	 1.000937	 0.500469
679	678	2	 1.000071	 0.500036
680	679	0	 0.000000	 0.000000
681	680	2	 1.000332	 0.500166
682	681	2	 0.999062	 0.499531
683	682	0	 0.000000	 0.000000
684	683	2	 0.999791	 0.499896
685	684	1	 0.500127	 0.500127
686	685	2	 1.000756	 0.500378
687	686	2	 1.000496	 0.500248
688	687	2	 1.000908	 0.500454
689	688	2	 0.999490	 0.499745
690	689	2	 1.000228	 0.500114
691	690	2	 1.000332	 0.500166
692	691	2	 0.999161	 0.499581
693	692	2	 0.999162	 0.499581
694	693	0	 0.000000	 0.000000
695	694	2	 0.999164	 0.499582
696	695	0	 0.000000	 0.000000
697	696	1	 0.500127	 0.500127
698	697	2	 1.000949	 0.500474
699	698	2	 0.999882	 0.499941
700	699	2	 1.000070	 0.500035
701	700	2	 1.000341	 0.500170
702	701	2	 0.999787	 0.499893
703	702	2	 1.000340	 0.500170
704	703	2	 1.000069	 0.500035
705	704	0	 0.000000	 0.000000
706	705	1	 0.500510	 0.500510
707	706	2	 0.999882	 0.499941
708	707	1	 0.500511	 0.500511
709	708	0	 0.000000	 0.000000
710	709	2	 0.999158	 0.499579
711	710	2	 1.000577	 0.500288
712	711	2	 1.000756	 0.500378
713	712	2	 0.999057	 0.499528
714	713	0	 0.000000	 0.000000
715	714	2	 0.999878	 0.499939
716	715	2	 1.000953	 0.500477
717	716	2	 1.000492	 0.500246
718	717	2	 1.000231	 0.500115
719	718	0	 0.000000	 0.000000
720	719	2	 1.000755	 0.500377
721	720	2	 1.000946	 0.500473
722	721	2	 1.000932	 0.500466
723	722	2	 0.999475	 0.499738
724	723	2	 1.000072	 0.500036
725	724	0	 0.000000	 0.000000
726	725	2	 1.000353	 0.500177
727	726	0	 0.000000	 0.000000
728	727	2	 1.000590	 0.500295
729	728	2	 0.999462	 0.499731
730	729	2	 0.999030	 0.499515
731	730	1	 0.500130	 0.500130
732	731	2	 0.999139	 0.499569
733	732	2	 1.000352	 0.500176
734	733	2	 1.000236	 0.500118
735	734	2	 1.000073	 0.500036
736	735	2	 1.000237	 0.500119
737	736	2	 1.000949	 0.500475
738	737	2	 1.000591	 0.500296
739	738	2	 0.999140	 0.499570
740	739	2	 0.999144	 0.499572
741	740	2	 1.000972	 0.500486
742	741	2	 1.000237	 0.500118
743	742	1	 0.500520	 0.500520
744	743	2	 1.000592	 0.500296
745	744	2	 1.000074	 0.500037
746	745	2	 1.000772	 0.500386
747	746	0	 0.000000	 0.000000
748	747	2	 1.000384	 0.500192
749	748	2	 1.000590	 0.500295
750	749	2	 1.000781	 0.500390
751	750	2	 0.999778	 0.499889
752	751	2	 1.000075	 0.500037
753	752	2	 0.999778	 0.499889
754	753	2	 1.000782	 0.500391
755	754	2	 1.000239	 0.500119
756	755	1	 0.500129	 0.500129
757	756	2	 1.000238	 0.500119
758	757	2	 0.999467	 0.499733
759	758	2	 1.000773	 0.500386
760	759	2	 1.000969	 0.500485
761	760	2	 1.000975	 0.500487
762	761	2	 1.000594	 0.500297
763	762	2	 1.000379	 0.500190
764	763	0	 0.000000	 0.000000
765	764	2	 0.999878	 0.499939
766	765	2	 1.000951	 0.500475
767	766	1	 0.500527	 0.500527
768	767	2	 0.999777	 0.499888
769	768	0	 0.000000	 0.000000
770	769	2	 1.000958	 0.500479
771	770	2	 1.000242	 0.500121
772	771	2	 0.999777	 0.499888
773	772	2	 0.999878	 0.499939
774	773	2	 0.999776	 0.499888
775	774	2	 1.000359	 0.500180
776	775	2	 1.000357	 0.500179
777	776	2	 1.000946	 0.500473
778	777	2	 1.000069	 0.500034
779	778	2	 1.000945	 0.500472
780	779	2	 1.000068	 0.500034
781	780	2	 1.000336	 0.500168
782	781	2	 0.999024	 0.499512
783	782	0	 0.000000	 0.000000
784	783	1	 0.500529	 0.500529
785	784	2	 1.000508	 0.500254
786	785	2	 0.999024	 0.499512
787	786	2	 1.000236	 0.500118
788	787	2	 1.000232	 0.500116
789	788	2	 0.999037	 0.499519
790	789	0	 0.000000	 0.000000
791	790	1	 0.500129	 0.500129
792	791	2	 1.000584	 0.500292
793	792	2	 1.000504	 0.500252
794	793	0	 0.000000	 0.000000
795	794	2	 1.000236	 0.500118
796	795	2	 0.999776	 0.499888
797	796	0	 0.000000	 0.000000
798	797	2	 0.999878	 0.499939
799	798	0	 0.000000	 0.000000
800	799	2	 1.000949	 0.500474
801	800	2	 1.000357	 0.500179
802	801	2	 0.999124	 0.499562
803	802	2	 1.000514	 0.500257
804	803	2	 1.000514	 0.500257
805	804	1	 0.500133	 0.500133
806	805	2	 1.000783	 0.500392
807	806	0	 0.000000	 0.000000
808	807	0	 0.000000	 0.000000
809	808	2	 1.000989	 0.500494
810	809	2	 1.000071	 0.500035
811	810	2	 1.000348	 0.500174
812	811	1	 0.500131	 0.500131
813	812	2	 1.000386	 0.500193
814	813	0	 0.000000	 0.000000
815	814	2	 1.000233	 0.500117
816	815	2	 1.000067	 0.500034
817	816	2	 1.000937	 0.500469
818	817	2	 0.999468	 0.499734
819	818	2	 1.000944	 0.500472
820	819	2	 0.999140	 0.499570
821	820	0	 0.000000	 0.000000
822	821	2	 1.000973	 0.500487
823	822	2	 1.000350	 0.500175
824	823	1	 0.500130	 0.500130
825	824	2	 1.000350	 0.500175
826	825	2	 1.000499	 0.500250
827	826	1	 0.500518	 0.500518
828	827	0	 0.000000	 0.000000
829	828	2	 0.999058	 0.499529
830	829	1	 0.500127	 0.500127
831	830	2	 1.000347	 0.500174
832	831	2	 1.000342	 0.500171
833	832	2	 0.999891	 0.499945
834	833	2	 0.999174	 0.499587
835	834	2	 1.000484	 0.500242
836	835	2	 0.999873	 0.499936
837	836	2	 0.999155	 0.499578
838	837	2	 0.999470	 0.499735
839	838	0	 0.000000	 0.000000
840	839	2	 1.000393	 0.500197
841	840	2	 0.999020	 0.499510
842	841	2	 0.999868	 0.499934
843	842	1	 0.500131	 0.500131
844	843	2	 0.999866	 0.499933
845	844	1	 0.500132	 0.500132
846	845	2	 1.000966	 0.500483
847	846	2	 1.000319	 0.500159
848	847	0	 0.000000	 0.000000
849	848	2	 1.000780	 0.500390
850	849	2	 1.000325	 0.500163
851	850	1	 0.500538	 0.500538
852	851	2	 1.000771	 0.500386
853	852	2	 0.999450	 0.499725
854	853	0	 0.000000	 0.000000
855	854	0	 0.000000	 0.000000
856	855	2	 0.999875	 0.499938
857	856	2	 1.000245	 0.500122
858	857	2	 0.999862	 0.499931
859	858	1	 0.500137	 0.500137
860	859	2	 0.999760	 0.499880
861	860	2	 1.000541	 0.500271
862	861	2	 1.000360	 0.500180
863	862	1	 0.500568	 0.500568
864	863	0	 0.000000	 0.000000
865	864	1	 0.500569	 0.500569
866	865	2	 0.999413	 0.499707
867	866	2	 1.000066	 0.500033
868	867	2	 1.001106	 0.500553
869	868	2	 1.000851	 0.500426
870	869	0	 0.000000	 0.000000
871	870	2	 1.000403	 0.500201
872	871	0	 0.000000	 0.000000
873	872	2	 0.999035	 0.499518
874	873	2	 0.998924	 0.499462
875	874	2	 0.999042	 0.499521
876	875	1	 0.500143	 0.500143
877	876	1	 0.500568	 0.500568
878	877	2	 1.000401	 0.500201
879	878	2	 1.001033	 0.500516
880	879	2	 0.999858	 0.499929
881	880	2	 1.000651	 0.500326
882	881	2	 1.000342	 0.500171
883	882	2	 0.999067	 0.499534
884	883	2	 1.000068	 0.500034
885	884	2	 1.000264	 0.500132
886	885	2	 1.001073	 0.500537
887	886	2	 1.000340	 0.500170
888	887	2	 1.000422	 0.500211
889	888	2	 1.000424	 0.500212
890	889	2	 1.000661	 0.500330
891	890	0	 0.000000	 0.000000
892	891	2	 1.000440	 0.500220
893	892	0	 0.000000	 0.000000
894	893	0	 0.000000	 0.000000
895	894	2	 1.001095	 0.500547
896	895	2	 1.000431	 0.500216
897	896	2	 1.000860	 0.500430
898	897	2	 1.001098	 0.500549
899	898	1	 0.500598	 0.500598
900	899	2	 1.001030	 0.500515
901	900	2	 1.000414	 0.500207
902	901	2	 0.999745	 0.499872
903	902	2	 0.999404	 0.499702
904	903	2	 1.000269	 0.500134
905	904	2	 1.001042	 0.500521
906	905	2	 1.001072	 0.500536
907	906	2	 0.999078	 0.499539
908	907	2	 1.000622	 0.500311
909	908	2	 1.000398	 0.500199
910	909	1	 0.500520	 0.500520
911	910	2	 0.999501	 0.499750
912	911	2	 0.999121	 0.499561
913	912	2	 1.000840	 0.500420
914	913	2	 1.000303	 0.500152
915	914	2	 0.999888	 0.499944
916	915	2	 1.000297	 0.500148
917	916	2	 0.999608	 0.499804
918	917	2	 1.000651	 0.500325
919	918	2	 0.999634	 0.499817
920	919	1	 0.500087	 0.500087
921	920	2	 1.000045	 0.500023
922	921	1	 0.500360	 0.500360
923	922	2	 1.000221	 0.500111
924	923	2	 0.999906	 0.499953
925	924	2	 0.999844	 0.499922
926	925	2	 1.000260	 0.500130
927	926	2	 1.000278	 0.500139
928	927	2	 0.999312	 0.499656
929	928	2	 1.000413	 0.500206
930	929	0	 0.000000	 0.000000
931	930	2	 1.000364	 0.500182
932	931	2	 0.999306	 0.499653
933	932	2	 1.000051	 0.500025
934	933	2	 0.999339	 0.499670
935	934	2	 1.000048	 0.500024
936	935	0	 0.000000	 0.000000
937	936	2	 1.000592	 0.500296
938	937	0	 0.000000	 0.000000
939	938	2	 1.000557	 0.500278
940	939	2	 1.000774	 0.500387
941	940	2	 1.001852	 0.500926
942	941	2	 1.000792	 0.500396
943	942	2	 1.001016	 0.500508
944	943	2	 1.000845	 0.500423
945	944	1	 0.501136	 0.501136
946	945	2	 1.002013	 0.501006
947	946	2	 1.001331	 0.500666
948	947	2	 1.001300	 0.500650
949	948	2	 1.000520	 0.500260
950	949	2	 1.001306	 0.500653
951	950	2	 1.000638	 0.500319
952	951	2	 1.001604	 0.500802
953	952	0	 0.000000	 0.000000
954	953	2	 1.001081	 0.500540
955	954	0	 0.000000	 0.000000
956	955	2	 0.997923	 0.498961
957	956	2	 1.001503	 0.500751
958	957	2	 1.000296	 0.500148
959	958	2	 1.000854	 0.500427
960	959	2	 1.001350	 0.500675
961	960	2	 1.001435	 0.500717
962	961	2	 1.000284	 0.500142
963	962	2	 0.998208	 0.499104
964	963	2	 1.000043	 0.500022
965	964	1	 0.500309	 0.500309
966	965	0	 0.000000	 0.000000
967	966	2	 1.001104	 0.500552
968	967	2	 1.000035	 0.500018
969	968	1	 0.501244	 0.501244
970	969	2	 1.000407	 0.500203
971	970	2	 1.002214	 0.501107
972	971	2	 0.999661	 0.499831
973	972	2	 1.001129	 0.500564
974	973	2	 0.999056	 0.499528
975	974	2	 0.997795	 0.498898
976	975	2	 1.001097	 0.500549
977	976	2	 1.001141	 0.500570
978	977	0	 0.000000	 0.000000
979	978	2	 1.001783	 0.500891
980	979	2	 0.999021	 0.499511
981	980	2	 1.001229	 0.500614
982	981	2	 1.000864	 0.500432
983	982	2	 1.000027	 0.500014
984	983	2	 1.002169	 0.501085
985	984	2	 1.002427	 0.501213
986	985	2	 1.002221	 0.501111
987	986	2	 1.001881	 0.500940
988	987	1	 0.500378	 0.500378
989	988	2	 1.000937	 0.500468
990	989	2	 1.001269	 0.500634
991	990	2	 1.002286	 0.501143
992	991	2	 1.001271	 0.500635
993	992	2	 0.999944	 0.499972
994	993	2	 0.999939	 0.499970
995	994	2	 1.001146	 0.500573
996	995	2	 0.999546	 0.499773
997	996	2	 0.999949	 0.499974
998	997	2	 0.997596	 0.498798
999	998	2	 1.002012	 0.501006
1000	999	2	 1.002666	 0.501333
1001	1000	2	 0.999531	 0.499765
1002	1001	2	 1.001447	 0.500724
1003	1002	2	 1.002650	 0.501325
1004	1003	0	 0.000000	 0.000000
1005	1004	2	 1.002006	 0.501003
1006	1005	2	 0.999991	 0.499996
1007	1006	2	 1.001979	 0.500990
1008	1007	2	 0.999947	 0.499974
1009	1008	1	 0.501481	 0.501481
1010	1009	1	 0.500401	 0.500401
1011	1010	2	 1.001424	 0.500712
1012	1011	2	 0.999975	 0.499988
1013	1012	2	 1.002661	 0.501330
1014	1013	1	 0.500395	 0.500395
1015	1014	2	 1.001049	 0.500525
1016	1015	0	 0.000000	 0.000000
1017	1016	2	 1.001035	 0.500518
1018	1017	0	 0.000000	 0.000000
1019	1018	1	 0.501527	 0.501527
1020	1019	2	 0.999505	 0.499752
1021	1020	2	 1.002682	 0.501341
1022	1021	2	 1.001186	 0.500593
1023	1022	2	 1.000197	 0.500098
1024	1023	2	 0.998741	 0.499370
1025	1024	2	 1.001415	 0.500708
1026	1025	2	 1.001484	 0.500742
1027	1026	2	 0.997595	 0.498797
1028	1027	2	 1.000713	 0.500357
1029	1028	2	 0.998716	 0.499358
1030	1029	2	 0.999984	 0.499992
1031	1030	2	 1.001383	 0.500691
1032	1031	2	 1.002603	 0.501302
1033	1032	2	 1.000711	 0.500355
1034	1033	2	 1.002073	 0.501037
1035	1034	0	 0.000000	 0.000000
1036	1035	2	 1.000503	 0.500251
1037	1036	2	 1.000742	 0.500371
1038	1037	2	 1.001425	 0.500712
1039	1038	1	 0.501487	 0.501487
1040	1039	2	 1.001150	 0.500575
1041	1040	2	 1.000194	 0.500097
1042	1041	2	 1.000751	 0.500375
1043	1042	1	 0.500409	 0.500409
1044	1043	1	 0.501496	 0.501496
