897
791
1033
486
269
741
858
272
807
491
730
699
384
597
890
383
647
402
857
690
711
985
751
709
51
704
758
750
131
484
980
317
712
235
435
854
939
169
760
582
856
168
380
902
94
814
680
233
884
1030
193
1022
247
616
400
928
609
286
877
211
578
179
605
73
363
550
386
123
707
382
563
128
195
874
934
849
150
190
1032
162
412
530
717
933
957
549
140
587
254
356
620
506
285
859
665
855
138
39
829
381
324
154
8
1016
941
291
992
818
732
622
737
416
504
879
916
839
456
863
234
656
649
119
192
33
500
1039
152
558
14
835
88
975
796
942
266
800
602
1012
354
531
721
161
568
369
792
557
1006
306
394
466
603
987
956
326
414
523
440
434
72
889
86
273
194
10
472
215
465
977
75
633
24
753
427
913
187
60
509
542
245
503
966
898
685
109
61
600
515
922
514
735
571
725
443
688
287
586
136
552
63
799
876
223
576
536
242
191
165
803
806
328
687
655
217
900
202
481
278
197
588
1009
841
892
535
525
359
904
675
693
911
112
881
226
423
12
714
241
331
983
676
228
167
374
1004
482
1
428
592
774
755
463
669
442
650
499
339
418
808
13
84
214
673
462
69
903
303
372
1011
292
995
263
90
779
907
257
664
134
872
21
409
926
17
107
537
280
236
36
692
701
626
823
449
219
580
618
425
544
396
627
723
377
349
901
745
82
403
981
920
961
426
644
391
757
614
1029
862
710
825
585
98
26
662
925
819
344
694
929
810
607
759
677
133
790
452
777
775
529
960
595
264
121
85
46
432
964
668
238
959
718
768
304
979
240
378
199
262
642
971
65
43
244
846
949
68
579
496
246
566
883
674
149
869
371
174
573
606
997
288
999
93
469
23
1041
180
645
337
958
989
908
327
629
470
365
473
389
781
99
719
343
780
476
947
940
683
648
569
590
1018
952
887
984
41
399
896
295
657
267
998
415
545
410
338
45
376
230
173
993
638
212
103
490
654
1028
538
309
888
1036
413
1042
610
71
345
658
747
25
873
387
67
208
700
770
300
625
172
761
766
1000
159
716
268
120
438
917
705
831
213
96
307
196
479
615
695
651
248
899
260
686
521
145
495
906
216
188
100
501
826
541
1023
29
944
502
485
275
604
969
104
475
765
1037
836
137
296
611
166
696
422
864
793
591
813
367
912
353
1027
91
965
924
1034
342
527
261
277
50
298
844
816
314
840
144
401
743
848
608
769
250
830
9
231
148
336
938
385
682
931
437
283
512
7
76
113
160
797
11
164
364
44
243
446
738
559
543
433
937
511
316
92
970
311
16
142
795
124
492
771
227
143
914
3
276
315
708
1035
905
355
459
181
320
637
256
58
271
727
631
493
946
186
923
1043
424
20
556
756
448
532
483
255
237
706
866
564
207
697
919
117
621
42
322
436
37
253
457
1014
289
395
748
407
713
489
105
776
141
828
943
252
19
297
1026
1038
805
684
301
340
624
752
163
802
110
584
632
788
927
703
18
967
259
994
87
736
451
731
833
53
429
534
817
767
305
321
660
742
577
129
729
932
852
882
302
4
561
310
282
118
734
59
560
612
464
54
868
225
1031
513
763
623
554
38
870
986
201
653
467
936
972
56
351
589
78
182
258
1013
639
754
698
809
441
671
97
910
366
346
820
1010
108
778
299
640
976
547
643
894
996
548
101
786
27
64
555
373
843
447
176
352
135
522
392
184
551
681
539
915
127
850
516
360
48
1002
601
229
31
1020
746
594
379
313
224
329
405
185
330
333
393
553
834
672
102
546
281
517
52
122
125
279
853
1040
341
593
950
815
567
206
565
878
689
505
510
471
40
785
461
249
508
265
617
132
861
497
419
978
847
702
570
1007
575
811
390
886
468
724
210
953
982
519
678
838
921
80
430
528
1008
130
494
198
106
812
323
988
891
153
171
520
875
488
663
22
81
79
798
1003
203
518
1021
507
74
200
540
1017
827
851
574
274
28
335
782
804
733
478
397
358
177
293
641
636
388
895
347
232
221
679
562
474
368
406
955
47
170
147
284
581
832
962
867
370
332
450
652
1025
66
787
1005
773
893
477
772
630
55
89
49
659
764
155
2
974
357
963
204
209
15
458
722
189
62
789
691
845
646
115
749
837
222
334
158
139
824
930
151
421
312
948
619
635
156
417
318
880
973
762
480
726
348
740
1024
218
572
32
739
308
454
634
439
596
666
954
157
77
460
453
715
431
6
375
526
871
842
945
783
583
533
114
1019
350
126
1044
670
239
362
1015
290
822
116
319
408
444
990
411
361
784
30
1001
34
5
720
175
728
57
744
801
205
909
613
420
95
498
178
628
661
885
455
487
35
968
111
821
70
918
598
599
667
524
398
251
991
860
404
951
325
183
220
794
294
83
935
146
445
865
270
