1	0	2	 0.999718	 0.499859
2	1	2	 1.000101	 0.500050
3	2	2	 0.999278	 0.499639
4	3	2	 0.999760	 0.499880
5	4	1	 0.500142	 0.500142
6	5	1	 0.500141	 0.500141
7	6	2	 0.999294	 0.499647
8	7	1	 0.500300	 0.500300
9	8	2	 0.999303	 0.499652
10	9	2	 1.000219	 0.500109
11	10	2	 0.999356	 0.499678
12	11	2	 0.999750	 0.499875
13	12	2	 0.999527	 0.499764
14	13	1	 0.500271	 0.500271
15	14	2	 1.000087	 0.500044
16	15	2	 0.999396	 0.499698
17	16	2	 0.999547	 0.499773
18	17	2	 0.999797	 0.499899
19	18	2	 0.999675	 0.499838
20	19	2	 0.999407	 0.499704
21	20	2	 0.999552	 0.499776
22	21	2	 1.000609	 0.500305
23	22	2	 1.000782	 0.500391
24	23	2	 1.000201	 0.500101
25	24	2	 1.001146	 0.500573
26	25	2	 0.999835	 0.499917
27	26	2	 0.999811	 0.499906
28	27	2	 1.000348	 0.500174
29	28	2	 1.000256	 0.500128
30	29	1	 0.500125	 0.500125
31	30	2	 1.000158	 0.500079
32	31	1	 0.500126	 0.500126
33	32	1	 0.500276	 0.500276
34	33	1	 0.500127	 0.500127
35	34	0	 0.000000	 0.000000
36	35	2	 0.999512	 0.499756
37	36	2	 0.999648	 0.499824
38	37	2	 0.999779	 0.499889
39	38	0	 0.000000	 0.000000
40	39	2	 1.000165	 0.500082
41	40	2	 1.001226	 0.500613
42	41	2	 0.999646	 0.499823
43	42	2	 1.000827	 0.500414
44	43	2	 0.999355	 0.499677
45	44	2	 1.001227	 0.500614
46	45	2	 0.999814	 0.499907
47	46	2	 1.000365	 0.500182
48	47	2	 1.000168	 0.500084
49	48	2	 1.000096	 0.500048
50	49	2	 0.999293	 0.499646
51	50	0	 0.000000	 0.000000
52	51	2	 1.000174	 0.500087
53	52	2	 0.999767	 0.499883
54	53	2	 0.999765	 0.499883
55	54	2	 1.000097	 0.500049
56	55	2	 0.999787	 0.499893
57	56	0	 0.000000	 0.000000
58	57	2	 0.999327	 0.499664
59	58	2	 0.999767	 0.499883
60	59	2	 1.000228	 0.500114
61	60	2	 1.000230	 0.500115
62	61	2	 1.000099	 0.500050
63	62	2	 1.000232	 0.500116
64	63	2	 0.999789	 0.499895
65	64	2	 1.000866	 0.500433
66	65	2	 1.000381	 0.500190
67	66	2	 1.001293	 0.500646
68	67	2	 1.000871	 0.500435
69	68	2	 0.999478	 0.499739
70	69	0	 0.000000	 0.000000
71	70	2	 1.001306	 0.500653
72	71	2	 1.000231	 0.500115
73	72	0	 0.000000	 0.000000
74	73	2	 1.000384	 0.500192
75	74	2	 1.000235	 0.500118
76	75	2	 0.999275	 0.499638
77	76	1	 0.500141	 0.500141
78	77	2	 0.999783	 0.499892
79	78	2	 1.000730	 0.500365
80	79	2	 1.000734	 0.500367
81	80	2	 1.000735	 0.500368
82	81	2	 0.999792	 0.499896
83	82	0	 0.000000	 0.000000
84	83	2	 0.999460	 0.499730
85	84	2	 0.999792	 0.499896
86	85	2	 1.000239	 0.500119
87	86	2	 0.999756	 0.499878
88	87	1	 0.500308	 0.500308
89	88	2	 1.000101	 0.500051
90	89	2	 0.999467	 0.499733
91	90	2	 0.999304	 0.499652
92	91	2	 0.999313	 0.499656
93	92	2	 1.000895	 0.500447
94	93	0	 0.000000	 0.000000
95	94	0	 0.000000	 0.000000
96	95	2	 1.000269	 0.500134
97	96	2	 0.999823	 0.499912
98	97	2	 0.999829	 0.499915
99	98	2	 1.000727	 0.500364
100	99	2	 1.000230	 0.500115
101	100	2	 0.999838	 0.499919
102	101	2	 1.000136	 0.500068
103	102	2	 1.000996	 0.500498
104	103	2	 1.000212	 0.500106
105	104	2	 0.999702	 0.499851
106	105	2	 1.000552	 0.500276
107	106	2	 0.999605	 0.499803
108	107	2	 0.999847	 0.499924
109	108	2	 1.000168	 0.500084
110	109	2	 0.999714	 0.499857
111	110	0	 0.000000	 0.000000
112	111	2	 0.999796	 0.499898
113	112	2	 0.999467	 0.499734
114	113	1	 0.500101	 0.500101
115	114	2	 1.000070	 0.500035
116	115	1	 0.500101	 0.500101
117	116	2	 0.999710	 0.499855
118	117	2	 0.999824	 0.499912
119	118	1	 0.500221	 0.500221
120	119	2	 1.000210	 0.500105
121	120	2	 0.999864	 0.499932
122	121	2	 1.000129	 0.500064
123	122	0	 0.000000	 0.000000
124	123	2	 0.999508	 0.499754
125	124	2	 1.000121	 0.500060
126	125	1	 0.500094	 0.500094
127	126	2	 0.999860	 0.499930
128	127	0	 0.000000	 0.000000
129	128	2	 0.999843	 0.499921
130	129	2	 1.000476	 0.500238
131	130	0	 0.000000	 0.000000
132	131	2	 1.000486	 0.500243
133	132	2	 0.999870	 0.499935
134	133	2	 0.999634	 0.499817
135	134	2	 0.999854	 0.499927
136	135	2	 1.000165	 0.500082
137	136	2	 1.000211	 0.500106
138	137	0	 0.000000	 0.000000
139	138	2	 1.000075	 0.500038
140	139	0	 0.000000	 0.000000
141	140	2	 0.999693	 0.499846
142	141	2	 0.999453	 0.499726
143	142	2	 0.999423	 0.499711
144	143	2	 0.999395	 0.499698
145	144	2	 1.000241	 0.500121
146	145	0	 0.000000	 0.000000
147	146	2	 1.000332	 0.500166
148	147	2	 0.999391	 0.499695
149	148	2	 1.000763	 0.500381
150	149	0	 0.000000	 0.000000
151	150	2	 1.000085	 0.500042
152	151	1	 0.500257	 0.500257
153	152	2	 1.000618	 0.500309
154	153	1	 0.500262	 0.500262
155	154	2	 1.000087	 0.500043
156	155	2	 1.000087	 0.500044
157	156	1	 0.500125	 0.500125
158	157	2	 1.000088	 0.500044
159	158	2	 1.000262	 0.500131
160	159	2	 0.999340	 0.499670
161	160	1	 0.500276	 0.500276
162	161	0	 0.000000	 0.000000
163	162	2	 0.999643	 0.499822
164	163	2	 0.999338	 0.499669
165	164	2	 0.999744	 0.499872
166	165	2	 0.999303	 0.499652
167	166	2	 0.999741	 0.499870
168	167	0	 0.000000	 0.000000
169	168	0	 0.000000	 0.000000
170	169	2	 1.000388	 0.500194
171	170	2	 1.000726	 0.500363
172	171	2	 1.000293	 0.500146
173	172	2	 1.001322	 0.500661
174	173	2	 1.000892	 0.500446
175	174	0	 0.000000	 0.000000
176	175	2	 0.999783	 0.499891
177	176	2	 1.000396	 0.500198
178	177	0	 0.000000	 0.000000
179	178	0	 0.000000	 0.000000
180	179	2	 1.000913	 0.500456
181	180	2	 0.999306	 0.499653
182	181	2	 0.999784	 0.499892
183	182	0	 0.000000	 0.000000
184	183	2	 0.999780	 0.499890
185	184	2	 1.000187	 0.500094
186	185	2	 0.999276	 0.499638
187	186	2	 1.000242	 0.500121
188	187	2	 1.000302	 0.500151
189	188	2	 1.000102	 0.500051
190	189	0	 0.000000	 0.000000
191	190	2	 0.999720	 0.499860
192	191	1	 0.500318	 0.500318
193	192	0	 0.000000	 0.000000
194	193	2	 1.000245	 0.500122
195	194	0	 0.000000	 0.000000
196	195	2	 1.000305	 0.500153
197	196	2	 0.999722	 0.499861
198	197	2	 1.000765	 0.500382
199	198	2	 1.000936	 0.500468
200	199	2	 1.000414	 0.500207
201	200	2	 0.999742	 0.499871
202	201	2	 0.999720	 0.499860
203	202	2	 1.000771	 0.500385
204	203	2	 1.000106	 0.500053
205	204	0	 0.000000	 0.000000
206	205	2	 1.000190	 0.500095
207	206	2	 0.999592	 0.499796
208	207	2	 1.001403	 0.500701
209	208	2	 1.000106	 0.500053
210	209	2	 1.000765	 0.500383
211	210	0	 0.000000	 0.000000
212	211	2	 1.001409	 0.500704
213	212	2	 1.000309	 0.500154
214	213	2	 0.999434	 0.499717
215	214	2	 1.000249	 0.500124
216	215	2	 1.000307	 0.500153
217	216	2	 0.999716	 0.499858
218	217	1	 0.500148	 0.500148
219	218	2	 0.999437	 0.499718
220	219	0	 0.000000	 0.000000
221	220	2	 1.000417	 0.500209
222	221	2	 1.000107	 0.500054
223	222	2	 0.999713	 0.499857
224	223	2	 1.000190	 0.500095
225	224	2	 0.999741	 0.499871
226	225	2	 0.999715	 0.499857
227	226	2	 0.999252	 0.499626
228	227	2	 0.999711	 0.499856
229	228	2	 1.000190	 0.500095
230	229	2	 1.001424	 0.500712
231	230	2	 0.999221	 0.499610
232	231	2	 1.000420	 0.500210
233	232	0	 0.000000	 0.000000
234	233	1	 0.500328	 0.500328
235	234	0	 0.000000	 0.000000
236	235	2	 0.999424	 0.499712
237	236	2	 0.999589	 0.499794
238	237	2	 0.999760	 0.499880
239	238	1	 0.500150	 0.500150
240	239	2	 1.000954	 0.500477
241	240	2	 0.999715	 0.499857
242	241	2	 0.999713	 0.499856
243	242	2	 0.999253	 0.499627
244	243	2	 1.000947	 0.500474
245	244	2	 1.000253	 0.500126
246	245	2	 1.000947	 0.500473
247	246	0	 0.000000	 0.000000
248	247	2	 1.000310	 0.500155
249	248	2	 1.000191	 0.500095
250	249	2	 0.999253	 0.499626
251	250	0	 0.000000	 0.000000
252	251	2	 0.999612	 0.499806
253	252	2	 0.999614	 0.499807
254	253	0	 0.000000	 0.000000
255	254	2	 0.999617	 0.499808
256	255	2	 0.999294	 0.499647
257	256	2	 0.999453	 0.499727
258	257	2	 0.999787	 0.499893
259	258	2	 0.999757	 0.499879
260	259	2	 1.000304	 0.500152
261	260	2	 0.999272	 0.499636
262	261	2	 1.000882	 0.500441
263	262	2	 0.999460	 0.499730
264	263	2	 0.999769	 0.499884
265	264	2	 1.000730	 0.500365
266	265	1	 0.500307	 0.500307
267	266	2	 1.001334	 0.500667
268	267	2	 1.000300	 0.500150
269	268	0	 0.000000	 0.000000
270	269	0	 0.000000	 0.000000
271	270	2	 0.999338	 0.499669
272	271	0	 0.000000	 0.000000
273	272	2	 1.000232	 0.500116
274	273	2	 1.000388	 0.500194
275	274	2	 1.000290	 0.500145
276	275	2	 0.999320	 0.499660
277	276	2	 0.999298	 0.499649
278	277	2	 0.999735	 0.499868
279	278	2	 1.000172	 0.500086
280	279	2	 0.999493	 0.499746
281	280	2	 1.000176	 0.500088
282	281	2	 0.999770	 0.499885
283	282	2	 0.999296	 0.499648
284	283	2	 1.000378	 0.500189
285	284	0	 0.000000	 0.000000
286	285	0	 0.000000	 0.000000
287	286	2	 1.000228	 0.500114
288	287	2	 1.000859	 0.500430
289	288	2	 0.999633	 0.499816
290	289	1	 0.500131	 0.500131
291	290	1	 0.500291	 0.500291
292	291	2	 0.999500	 0.499750
293	292	2	 1.000362	 0.500181
294	293	0	 0.000000	 0.000000
295	294	2	 1.001215	 0.500608
296	295	2	 0.999352	 0.499676
297	296	2	 0.999661	 0.499830
298	297	2	 0.999357	 0.499679
299	298	2	 0.999812	 0.499906
300	299	2	 1.000254	 0.500127
301	300	2	 0.999647	 0.499823
302	301	2	 0.999789	 0.499894
303	302	2	 0.999518	 0.499759
304	303	2	 0.999847	 0.499923
305	304	2	 0.999786	 0.499893
306	305	1	 0.500267	 0.500267
307	306	2	 1.000237	 0.500119
308	307	1	 0.500112	 0.500112
309	308	2	 1.001082	 0.500541
310	309	2	 0.999811	 0.499906
311	310	2	 0.999441	 0.499721
312	311	2	 1.000082	 0.500041
313	312	2	 1.000140	 0.500070
314	313	2	 0.999412	 0.499706
315	314	2	 0.999420	 0.499710
316	315	2	 0.999412	 0.499706
317	316	0	 0.000000	 0.000000
318	317	2	 1.000081	 0.500041
319	318	1	 0.500108	 0.500108
320	319	2	 0.999446	 0.499723
321	320	2	 0.999806	 0.499903
322	321	2	 0.999701	 0.499851
323	322	2	 1.000590	 0.500295
324	323	1	 0.500255	 0.500255
325	324	0	 0.000000	 0.000000
326	325	2	 1.000200	 0.500100
327	326	2	 1.000768	 0.500384
328	327	2	 0.999774	 0.499887
329	328	2	 1.000168	 0.500084
330	329	2	 1.000169	 0.500084
331	330	2	 0.999777	 0.499888
332	331	2	 1.000325	 0.500163
333	332	2	 1.000164	 0.500082
334	333	2	 1.000078	 0.500039
335	334	2	 1.000315	 0.500157
336	335	2	 0.999411	 0.499706
337	336	2	 1.000726	 0.500363
338	337	2	 1.001084	 0.500542
339	338	2	 0.999554	 0.499777
340	339	2	 0.999676	 0.499838
341	340	2	 1.000155	 0.500077
342	341	2	 0.999373	 0.499687
343	342	2	 1.000806	 0.500403
344	343	2	 0.999843	 0.499922
345	344	2	 1.001176	 0.500588
346	345	2	 0.999822	 0.499911
347	346	2	 1.000347	 0.500174
348	347	2	 1.000088	 0.500044
349	348	2	 0.999834	 0.499917
350	349	1	 0.500124	 0.500124
351	350	2	 0.999818	 0.499909
352	351	2	 0.999821	 0.499911
353	352	2	 0.999354	 0.499677
354	353	1	 0.500270	 0.500270
355	354	2	 0.999384	 0.499692
356	355	0	 0.000000	 0.000000
357	356	2	 1.000089	 0.500045
358	357	2	 1.000349	 0.500175
359	358	2	 0.999748	 0.499874
360	359	2	 1.000166	 0.500083
361	360	1	 0.500121	 0.500121
362	361	1	 0.500126	 0.500126
363	362	0	 0.000000	 0.000000
364	363	2	 0.999345	 0.499673
365	364	2	 1.000842	 0.500421
366	365	2	 0.999811	 0.499906
367	366	2	 0.999330	 0.499665
368	367	2	 1.000361	 0.500181
369	368	1	 0.500282	 0.500282
370	369	2	 1.000360	 0.500180
371	370	2	 1.000845	 0.500423
372	371	2	 0.999510	 0.499755
373	372	2	 0.999817	 0.499909
374	373	2	 0.999748	 0.499874
375	374	1	 0.500125	 0.500125
376	375	2	 1.001181	 0.500590
377	376	2	 0.999530	 0.499765
378	377	2	 1.000805	 0.500403
379	378	2	 1.000152	 0.500076
380	379	0	 0.000000	 0.000000
381	380	0	 0.000000	 0.000000
382	381	0	 0.000000	 0.000000
383	382	0	 0.000000	 0.000000
384	383	0	 0.000000	 0.000000
385	384	2	 0.999321	 0.499661
386	385	0	 0.000000	 0.000000
387	386	2	 1.001221	 0.500610
388	387	2	 1.000351	 0.500176
389	388	2	 1.000831	 0.500415
390	389	2	 1.000651	 0.500326
391	390	2	 0.999844	 0.499922
392	391	2	 0.999812	 0.499906
393	392	2	 1.000152	 0.500076
394	393	1	 0.500265	 0.500265
395	394	2	 0.999644	 0.499822
396	395	2	 0.999539	 0.499769
397	396	2	 1.000342	 0.500171
398	397	0	 0.000000	 0.000000
399	398	2	 1.001138	 0.500569
400	399	0	 0.000000	 0.000000
401	400	2	 0.999356	 0.499678
402	401	0	 0.000000	 0.000000
403	402	2	 0.999865	 0.499932
404	403	0	 0.000000	 0.000000
405	404	2	 1.000151	 0.500075
406	405	2	 1.000345	 0.500173
407	406	2	 0.999654	 0.499827
408	407	1	 0.500124	 0.500124
409	408	2	 0.999507	 0.499754
410	409	2	 1.001256	 0.500628
411	410	1	 0.500134	 0.500134
412	411	0	 0.000000	 0.000000
413	412	2	 1.001312	 0.500656
414	413	2	 1.000232	 0.500116
415	414	2	 1.001351	 0.500675
416	415	1	 0.500313	 0.500313
417	416	2	 1.000100	 0.500050
418	417	2	 0.999443	 0.499721
419	418	2	 1.000762	 0.500381
420	419	0	 0.000000	 0.000000
421	420	2	 1.000102	 0.500051
422	421	2	 0.999239	 0.499620
423	422	2	 0.999711	 0.499856
424	423	2	 0.999256	 0.499628
425	424	2	 0.999427	 0.499714
426	425	2	 0.999786	 0.499893
427	426	2	 1.000249	 0.500125
428	427	2	 0.999702	 0.499851
429	428	2	 0.999738	 0.499869
430	429	2	 1.000806	 0.500403
431	430	1	 0.500153	 0.500153
432	431	2	 0.999793	 0.499897
433	432	2	 0.999208	 0.499604
434	433	2	 1.000253	 0.500127
435	434	0	 0.000000	 0.000000
436	435	2	 0.999551	 0.499776
437	436	2	 0.999165	 0.499582
438	437	2	 1.000323	 0.500161
439	438	1	 0.500160	 0.500160
440	439	2	 1.000264	 0.500132
441	440	2	 0.999761	 0.499880
442	441	2	 0.999390	 0.499695
443	442	2	 1.000262	 0.500131
444	443	1	 0.500156	 0.500156
445	444	0	 0.000000	 0.000000
446	445	2	 0.999208	 0.499604
447	446	2	 0.999760	 0.499880
448	447	2	 0.999556	 0.499778
449	448	2	 0.999392	 0.499696
450	449	2	 1.000454	 0.500227
451	450	2	 0.999728	 0.499864
452	451	2	 0.999769	 0.499885
453	452	1	 0.500158	 0.500158
454	453	1	 0.500159	 0.500159
455	454	0	 0.000000	 0.000000
456	455	1	 0.500350	 0.500350
457	456	2	 0.999555	 0.499777
458	457	2	 1.000114	 0.500057
459	458	2	 0.999193	 0.499597
460	459	1	 0.500159	 0.500159
461	460	2	 1.000205	 0.500102
462	461	2	 0.999392	 0.499696
463	462	2	 0.999690	 0.499845
464	463	2	 0.999727	 0.499863
465	464	2	 1.000262	 0.500131
466	465	1	 0.500344	 0.500344
467	466	2	 0.999727	 0.499863
468	467	2	 1.000824	 0.500412
469	468	2	 1.001027	 0.500514
470	469	2	 1.001021	 0.500511
471	470	2	 1.000202	 0.500101
472	471	2	 1.000258	 0.500129
473	472	2	 1.001021	 0.500510
474	473	2	 1.000442	 0.500221
475	474	2	 1.000323	 0.500161
476	475	2	 1.001021	 0.500511
477	476	2	 1.000111	 0.500055
478	477	2	 1.000436	 0.500218
479	478	2	 1.000316	 0.500158
480	479	2	 1.000111	 0.500055
481	480	2	 0.999699	 0.499849
482	481	2	 0.999702	 0.499851
483	482	2	 0.999577	 0.499788
484	483	0	 0.000000	 0.000000
485	484	2	 1.000305	 0.500152
486	485	0	 0.000000	 0.000000
487	486	0	 0.000000	 0.000000
488	487	2	 1.000794	 0.500397
489	488	2	 0.999571	 0.499785
490	489	2	 1.001465	 0.500733
491	490	0	 0.000000	 0.000000
492	491	2	 0.999219	 0.499609
493	492	2	 0.999218	 0.499609
494	493	2	 1.000808	 0.500404
495	494	2	 1.000319	 0.500159
496	495	2	 1.001009	 0.500505
497	496	2	 1.000803	 0.500401
498	497	0	 0.000000	 0.000000
499	498	2	 0.999416	 0.499708
500	499	1	 0.500334	 0.500334
501	500	2	 1.000314	 0.500157
502	501	2	 1.000314	 0.500157
503	502	2	 1.000248	 0.500124
504	503	1	 0.500332	 0.500332
505	504	2	 1.000197	 0.500099
506	505	0	 0.000000	 0.000000
507	506	2	 1.000422	 0.500211
508	507	2	 1.000198	 0.500099
509	508	2	 1.000244	 0.500122
510	509	2	 1.000198	 0.500099
511	510	2	 0.999253	 0.499627
512	511	2	 0.999229	 0.499615
513	512	2	 0.999748	 0.499874
514	513	2	 1.000243	 0.500121
515	514	2	 1.000244	 0.500122
516	515	2	 1.000199	 0.500100
517	516	2	 1.000200	 0.500100
518	517	2	 1.000773	 0.500387
519	518	2	 1.000772	 0.500386
520	519	2	 1.000771	 0.500386
521	520	2	 1.000310	 0.500155
522	521	2	 0.999783	 0.499891
523	522	2	 1.000242	 0.500121
524	523	0	 0.000000	 0.000000
525	524	2	 0.999712	 0.499856
526	525	1	 0.500145	 0.500145
527	526	2	 0.999242	 0.499621
528	527	2	 1.000761	 0.500381
529	528	2	 0.999793	 0.499897
530	529	0	 0.000000	 0.000000
531	530	1	 0.500316	 0.500316
532	531	2	 0.999598	 0.499799
533	532	1	 0.500144	 0.500144
534	533	2	 0.999755	 0.499877
535	534	2	 0.999717	 0.499859
536	535	2	 0.999717	 0.499858
537	536	2	 0.999455	 0.499727
538	537	2	 1.001359	 0.500680
539	538	2	 0.999787	 0.499894
540	539	2	 1.000399	 0.500199
541	540	2	 1.000290	 0.500145
542	541	2	 1.000233	 0.500116
543	542	2	 0.999284	 0.499642
544	543	2	 0.999451	 0.499726
545	544	2	 1.001372	 0.500686
546	545	2	 1.000191	 0.500095
547	546	2	 0.999789	 0.499895
548	547	2	 0.999790	 0.499895
549	548	0	 0.000000	 0.000000
550	549	0	 0.000000	 0.000000
551	550	2	 0.999786	 0.499893
552	551	2	 1.000239	 0.500119
553	552	2	 1.000191	 0.500096
554	553	2	 0.999754	 0.499877
555	554	2	 0.999783	 0.499892
556	555	2	 0.999265	 0.499632
557	556	1	 0.500318	 0.500318
558	557	1	 0.500318	 0.500318
559	558	2	 0.999274	 0.499637
560	559	2	 0.999753	 0.499876
561	560	2	 0.999756	 0.499878
562	561	2	 1.000399	 0.500200
563	562	0	 0.000000	 0.000000
564	563	2	 0.999602	 0.499801
565	564	2	 1.000189	 0.500095
566	565	2	 1.000919	 0.500459
567	566	2	 1.000189	 0.500094
568	567	1	 0.500312	 0.500312
569	568	2	 1.001369	 0.500684
570	569	2	 1.000748	 0.500374
571	570	2	 1.000238	 0.500119
572	571	1	 0.500143	 0.500143
573	572	2	 1.000928	 0.500464
574	573	2	 1.000401	 0.500200
575	574	2	 1.000753	 0.500376
576	575	2	 0.999718	 0.499859
577	576	2	 0.999756	 0.499878
578	577	0	 0.000000	 0.000000
579	578	2	 1.000929	 0.500464
580	579	2	 0.999455	 0.499728
581	580	2	 1.000397	 0.500198
582	581	0	 0.000000	 0.000000
583	582	1	 0.500141	 0.500141
584	583	2	 0.999610	 0.499805
585	584	2	 0.999780	 0.499890
586	585	2	 1.000242	 0.500121
587	586	0	 0.000000	 0.000000
588	587	2	 0.999720	 0.499860
589	588	2	 0.999789	 0.499895
590	589	2	 1.001375	 0.500688
591	590	2	 0.999253	 0.499627
592	591	2	 0.999717	 0.499859
593	592	2	 1.000193	 0.500097
594	593	2	 1.000192	 0.500096
595	594	2	 0.999787	 0.499894
596	595	1	 0.500144	 0.500144
597	596	0	 0.000000	 0.000000
598	597	0	 0.000000	 0.000000
599	598	0	 0.000000	 0.000000
600	599	2	 1.000239	 0.500120
601	600	2	 1.000192	 0.500096
602	601	1	 0.500317	 0.500317
603	602	2	 1.000241	 0.500120
604	603	2	 1.000303	 0.500152
605	604	0	 0.000000	 0.000000
606	605	2	 1.000933	 0.500467
607	606	2	 0.999790	 0.499895
608	607	2	 0.999247	 0.499623
609	608	0	 0.000000	 0.000000
610	609	2	 1.001381	 0.500690
611	610	2	 0.999250	 0.499625
612	611	2	 0.999753	 0.499877
613	612	0	 0.000000	 0.000000
614	613	2	 0.999787	 0.499893
615	614	2	 1.000307	 0.500153
616	615	0	 0.000000	 0.000000
617	616	2	 1.000759	 0.500380
618	617	2	 0.999446	 0.499723
619	618	2	 1.000100	 0.500050
620	619	0	 0.000000	 0.000000
621	620	2	 0.999596	 0.499798
622	621	1	 0.500320	 0.500320
623	622	2	 0.999751	 0.499875
624	623	2	 0.999598	 0.499799
625	624	2	 1.000306	 0.500153
626	625	2	 0.999443	 0.499721
627	626	2	 0.999444	 0.499722
628	627	0	 0.000000	 0.000000
629	628	2	 1.000940	 0.500470
630	629	2	 1.000101	 0.500050
631	630	2	 0.999285	 0.499642
632	631	2	 0.999601	 0.499800
633	632	2	 1.000239	 0.500120
634	633	1	 0.500144	 0.500144
635	634	2	 1.000101	 0.500050
636	635	2	 1.000406	 0.500203
637	636	2	 0.999271	 0.499635
638	637	2	 1.001399	 0.500699
639	638	2	 0.999785	 0.499892
640	639	2	 0.999784	 0.499892
641	640	2	 1.000405	 0.500203
642	641	2	 1.000943	 0.500471
643	642	2	 0.999786	 0.499893
644	643	2	 0.999798	 0.499899
645	644	2	 1.000933	 0.500467
646	645	2	 1.000100	 0.500050
647	646	0	 0.000000	 0.000000
648	647	2	 1.001374	 0.500687
649	648	1	 0.500312	 0.500312
650	649	2	 0.999460	 0.499730
651	650	2	 1.000293	 0.500147
652	651	2	 1.000397	 0.500199
653	652	2	 0.999756	 0.499878
654	653	2	 1.001347	 0.500674
655	654	2	 0.999720	 0.499860
656	655	1	 0.500306	 0.500306
657	656	2	 1.001356	 0.500678
658	657	2	 1.001358	 0.500679
659	658	2	 1.000100	 0.500050
660	659	2	 0.999754	 0.499877
661	660	0	 0.000000	 0.000000
662	661	2	 0.999814	 0.499907
663	662	2	 1.000748	 0.500374
664	663	2	 0.999464	 0.499732
665	664	0	 0.000000	 0.000000
666	665	1	 0.500141	 0.500141
667	666	0	 0.000000	 0.000000
668	667	2	 0.999815	 0.499907
669	668	2	 0.999458	 0.499729
670	669	1	 0.500141	 0.500141
671	670	2	 0.999787	 0.499894
672	671	2	 1.000184	 0.500092
673	672	2	 0.999461	 0.499730
674	673	2	 1.000938	 0.500469
675	674	2	 0.999714	 0.499857
676	675	2	 0.999715	 0.499857
677	676	2	 0.999814	 0.499907
678	677	2	 1.000739	 0.500369
679	678	2	 1.000396	 0.500198
680	679	0	 0.000000	 0.000000
681	680	2	 0.999790	 0.499895
682	681	2	 0.999251	 0.499625
683	682	2	 1.001358	 0.500679
684	683	2	 0.999601	 0.499800
685	684	2	 1.000232	 0.500116
686	685	2	 1.000292	 0.500146
687	686	2	 0.999710	 0.499855
688	687	2	 1.000229	 0.500115
689	688	2	 1.000183	 0.500091
690	689	0	 0.000000	 0.000000
691	690	2	 1.000101	 0.500050
692	691	2	 0.999455	 0.499727
693	692	2	 0.999714	 0.499857
694	693	2	 0.999804	 0.499902
695	694	2	 1.000292	 0.500146
696	695	2	 0.999248	 0.499624
697	696	2	 0.999597	 0.499798
698	697	2	 0.999785	 0.499893
699	698	0	 0.000000	 0.000000
700	699	2	 1.001360	 0.500680
701	700	2	 0.999456	 0.499728
702	701	2	 1.000746	 0.500373
703	702	2	 0.999755	 0.499877
704	703	0	 0.000000	 0.000000
705	704	2	 1.000293	 0.500146
706	705	2	 0.999594	 0.499797
707	706	0	 0.000000	 0.000000
708	707	2	 0.999274	 0.499637
709	708	0	 0.000000	 0.000000
710	709	2	 0.999798	 0.499899
711	710	0	 0.000000	 0.000000
712	711	0	 0.000000	 0.000000
713	712	2	 0.999598	 0.499799
714	713	2	 0.999715	 0.499858
715	714	1	 0.500143	 0.500143
716	715	2	 1.000298	 0.500149
717	716	0	 0.000000	 0.000000
718	717	2	 0.999793	 0.499896
719	718	2	 1.000933	 0.500466
720	719	1	 0.500144	 0.500144
721	720	1	 0.500312	 0.500312
722	721	2	 1.000103	 0.500052
723	722	2	 0.999449	 0.499724
724	723	2	 1.000763	 0.500381
725	724	2	 1.000242	 0.500121
726	725	2	 1.000105	 0.500052
727	726	2	 0.999259	 0.499630
728	727	0	 0.000000	 0.000000
729	728	2	 0.999744	 0.499872
730	729	0	 0.000000	 0.000000
731	730	2	 0.999745	 0.499873
732	731	1	 0.500322	 0.500322
733	732	2	 1.000412	 0.500206
734	733	2	 0.999748	 0.499874
735	734	2	 1.000242	 0.500121
736	735	2	 0.999746	 0.499873
737	736	1	 0.500322	 0.500322
738	737	2	 0.999254	 0.499627
739	738	1	 0.500147	 0.500147
740	739	2	 1.000104	 0.500052
741	740	0	 0.000000	 0.000000
742	741	2	 0.999746	 0.499873
743	742	2	 0.999229	 0.499614
744	743	0	 0.000000	 0.000000
745	744	2	 0.999798	 0.499899
746	745	2	 1.000188	 0.500094
747	746	2	 1.001401	 0.500700
748	747	2	 0.999585	 0.499793
749	748	2	 1.000105	 0.500053
750	749	0	 0.000000	 0.000000
751	750	0	 0.000000	 0.000000
752	751	2	 0.999580	 0.499790
753	752	2	 1.000245	 0.500123
754	753	2	 0.999774	 0.499887
755	754	2	 0.999708	 0.499854
756	755	2	 0.999586	 0.499793
757	756	2	 0.999797	 0.499899
758	757	0	 0.000000	 0.000000
759	758	2	 0.999801	 0.499900
760	759	0	 0.000000	 0.000000
761	760	2	 1.000300	 0.500150
762	761	2	 1.000106	 0.500053
763	762	2	 0.999747	 0.499874
764	763	2	 1.000106	 0.500053
765	764	2	 1.000300	 0.500150
766	765	2	 1.000302	 0.500151
767	766	2	 0.999744	 0.499872
768	767	2	 0.999794	 0.499897
769	768	2	 0.999215	 0.499608
770	769	2	 1.001425	 0.500712
771	770	2	 0.999244	 0.499622
772	771	2	 1.000105	 0.500053
773	772	2	 1.000415	 0.500208
774	773	2	 0.999707	 0.499853
775	774	2	 0.999790	 0.499895
776	775	2	 0.999589	 0.499794
777	776	2	 0.999791	 0.499895
778	777	2	 0.999779	 0.499890
779	778	2	 0.999437	 0.499718
780	779	2	 1.000954	 0.500477
781	780	2	 1.000961	 0.500481
782	781	2	 1.000414	 0.500207
783	782	1	 0.500148	 0.500148
784	783	1	 0.500147	 0.500147
785	784	2	 1.000195	 0.500098
786	785	2	 0.999779	 0.499890
787	786	2	 1.000413	 0.500207
788	787	2	 0.999595	 0.499797
789	788	2	 1.000102	 0.500051
790	789	2	 0.999794	 0.499897
791	790	0	 0.000000	 0.000000
792	791	1	 0.500320	 0.500320
793	792	2	 0.999232	 0.499616
794	793	0	 0.000000	 0.000000
795	794	2	 0.999253	 0.499627
796	795	1	 0.500324	 0.500324
797	796	2	 0.999259	 0.499630
798	797	2	 1.000776	 0.500388
799	798	2	 1.000246	 0.500123
800	799	1	 0.500325	 0.500325
801	800	0	 0.000000	 0.000000
802	801	2	 0.999583	 0.499791
803	802	2	 0.999703	 0.499852
804	803	2	 1.000419	 0.500210
805	804	2	 0.999581	 0.499790
806	805	2	 0.999703	 0.499851
807	806	0	 0.000000	 0.000000
808	807	2	 0.999431	 0.499716
809	808	2	 0.999777	 0.499888
810	809	2	 0.999795	 0.499897
811	810	2	 1.000763	 0.500381
812	811	2	 1.000769	 0.500385
813	812	2	 0.999230	 0.499615
814	813	0	 0.000000	 0.000000
815	814	2	 1.000191	 0.500096
816	815	2	 0.999238	 0.499619
817	816	2	 0.999749	 0.499875
818	817	1	 0.500322	 0.500322
819	818	2	 0.999797	 0.499899
820	819	2	 0.999782	 0.499891
821	820	0	 0.000000	 0.000000
822	821	1	 0.500147	 0.500147
823	822	2	 0.999443	 0.499721
824	823	2	 1.000102	 0.500051
825	824	2	 0.999792	 0.499896
826	825	2	 1.000302	 0.500151
827	826	2	 1.000408	 0.500204
828	827	2	 0.999589	 0.499795
829	828	0	 0.000000	 0.000000
830	829	2	 0.999253	 0.499626
831	830	2	 1.000302	 0.500151
832	831	2	 1.000397	 0.500198
833	832	2	 0.999756	 0.499878
834	833	2	 1.000189	 0.500094
835	834	1	 0.500310	 0.500310
836	835	2	 1.000300	 0.500150
837	836	2	 1.000103	 0.500051
838	837	2	 1.000766	 0.500383
839	838	1	 0.500327	 0.500327
840	839	2	 0.999213	 0.499607
841	840	2	 0.999708	 0.499854
842	841	1	 0.500151	 0.500151
843	842	2	 0.999767	 0.499883
844	843	2	 0.999224	 0.499612
845	844	2	 1.000107	 0.500053
846	845	2	 1.000962	 0.500481
847	846	2	 1.000773	 0.500387
848	847	2	 0.999223	 0.499612
849	848	0	 0.000000	 0.000000
850	849	2	 1.000204	 0.500102
851	850	2	 1.000425	 0.500213
852	851	2	 0.999741	 0.499870
853	852	2	 1.000202	 0.500101
854	853	0	 0.000000	 0.000000
855	854	0	 0.000000	 0.000000
856	855	0	 0.000000	 0.000000
857	856	0	 0.000000	 0.000000
858	857	0	 0.000000	 0.000000
859	858	0	 0.000000	 0.000000
860	859	0	 0.000000	 0.000000
861	860	2	 1.000830	 0.500415
862	861	2	 0.999767	 0.499883
863	862	1	 0.500348	 0.500348
864	863	2	 0.999156	 0.499578
865	864	0	 0.000000	 0.000000
866	865	2	 0.999541	 0.499770
867	866	2	 1.000466	 0.500233
868	867	2	 0.999715	 0.499857
869	868	2	 1.001061	 0.500531
870	869	2	 0.999714	 0.499857
871	870	1	 0.500164	 0.500164
872	871	2	 0.999365	 0.499682
873	872	2	 1.001587	 0.500794
874	873	0	 0.000000	 0.000000
875	874	2	 1.000865	 0.500432
876	875	2	 0.999682	 0.499841
877	876	0	 0.000000	 0.000000
878	877	2	 1.000209	 0.500105
879	878	1	 0.500353	 0.500353
880	879	2	 1.000115	 0.500057
881	880	2	 0.999699	 0.499850
882	881	2	 0.999713	 0.499857
883	882	2	 1.001017	 0.500509
884	883	0	 0.000000	 0.000000
885	884	0	 0.000000	 0.000000
886	885	2	 1.000855	 0.500427
887	886	2	 1.001555	 0.500778
888	887	2	 1.001534	 0.500767
889	888	2	 1.000277	 0.500138
890	889	0	 0.000000	 0.000000
891	890	2	 1.000868	 0.500434
892	891	2	 0.999686	 0.499843
893	892	2	 1.000470	 0.500235
894	893	2	 0.999730	 0.499865
895	894	2	 1.000468	 0.500234
896	895	2	 1.001571	 0.500786
897	896	0	 0.000000	 0.000000
898	897	2	 1.000299	 0.500149
899	898	2	 1.000369	 0.500185
900	899	2	 0.999700	 0.499850
901	900	2	 0.999717	 0.499858
902	901	0	 0.000000	 0.000000
903	902	2	 0.999368	 0.499684
904	903	2	 0.999691	 0.499845
905	904	2	 0.999186	 0.499593
906	905	2	 1.000352	 0.500176
907	906	2	 0.999381	 0.499691
908	907	2	 1.000985	 0.500493
909	908	0	 0.000000	 0.000000
910	909	2	 0.999783	 0.499891
911	910	2	 0.999731	 0.499866
912	911	2	 0.999307	 0.499654
913	912	2	 1.000219	 0.500110
914	913	2	 0.999392	 0.499696
915	914	2	 0.999824	 0.499912
916	915	1	 0.500247	 0.500247
917	916	2	 1.000224	 0.500112
918	917	0	 0.000000	 0.000000
919	918	2	 0.999727	 0.499863
920	919	2	 0.999837	 0.499919
921	920	2	 1.000528	 0.500264
922	921	2	 1.000173	 0.500086
923	922	2	 0.999497	 0.499749
924	923	2	 0.999476	 0.499738
925	924	2	 0.999860	 0.499930
926	925	2	 0.999626	 0.499813
927	926	2	 0.999704	 0.499852
928	927	0	 0.000000	 0.000000
929	928	2	 0.999854	 0.499927
930	929	2	 1.000077	 0.500039
931	930	2	 0.999438	 0.499719
932	931	2	 0.999813	 0.499907
933	932	0	 0.000000	 0.000000
934	933	0	 0.000000	 0.000000
935	934	0	 0.000000	 0.000000
936	935	2	 0.999826	 0.499913
937	936	2	 0.999429	 0.499714
938	937	2	 0.999441	 0.499720
939	938	0	 0.000000	 0.000000
940	939	2	 1.002823	 0.501411
941	940	1	 0.500651	 0.500651
942	941	1	 0.500656	 0.500656
943	942	2	 0.999212	 0.499606
944	943	2	 1.000725	 0.500362
945	944	1	 0.500325	 0.500325
946	945	2	 0.998441	 0.499221
947	946	2	 1.003174	 0.501587
948	947	2	 1.000223	 0.500112
949	948	2	 1.001988	 0.500994
950	949	2	 1.000443	 0.500222
951	950	0	 0.000000	 0.000000
952	951	2	 1.003098	 0.501549
953	952	2	 1.001692	 0.500846
954	953	1	 0.500325	 0.500325
955	954	2	 1.000891	 0.500445
956	955	2	 1.000555	 0.500277
957	956	0	 0.000000	 0.000000
958	957	2	 1.001818	 0.500909
959	958	2	 1.000404	 0.500202
960	959	2	 1.000404	 0.500202
961	960	2	 1.000323	 0.500161
962	961	2	 1.000652	 0.500326
963	962	2	 1.000155	 0.500077
964	963	2	 1.000150	 0.500075
965	964	2	 0.998440	 0.499220
966	965	2	 1.000357	 0.500178
967	966	2	 0.999536	 0.499768
968	967	0	 0.000000	 0.000000
969	968	2	 1.000553	 0.500276
970	969	2	 0.998218	 0.499109
971	970	2	 1.002537	 0.501269
972	971	2	 0.999725	 0.499862
973	972	2	 1.000184	 0.500092
974	973	2	 1.000183	 0.500092
975	974	1	 0.500690	 0.500690
976	975	2	 0.999731	 0.499866
977	976	2	 1.000422	 0.500211
978	977	2	 1.001706	 0.500853
979	978	2	 1.002505	 0.501252
980	979	0	 0.000000	 0.000000
981	980	2	 0.999980	 0.499990
982	981	2	 1.001716	 0.500858
983	982	2	 0.999168	 0.499584
984	983	2	 1.003149	 0.501574
985	984	0	 0.000000	 0.000000
986	985	2	 0.999484	 0.499742
987	986	2	 1.000461	 0.500231
988	987	2	 1.001902	 0.500951
989	988	2	 1.002615	 0.501307
990	989	1	 0.500347	 0.500347
991	990	0	 0.000000	 0.000000
992	991	1	 0.500762	 0.500762
993	992	2	 1.003424	 0.501712
994	993	2	 0.999448	 0.499724
995	994	2	 0.998600	 0.499300
996	995	2	 0.999644	 0.499822
997	996	2	 1.002801	 0.501400
998	997	2	 1.003816	 0.501908
999	998	2	 1.002837	 0.501418
1000	999	2	 1.000822	 0.500411
1001	1000	1	 0.500363	 0.500363
1002	1001	2	 1.000634	 0.500317
1003	1002	2	 1.002086	 0.501043
1004	1003	2	 0.999055	 0.499528
1005	1004	2	 1.001032	 0.500516
1006	1005	1	 0.500820	 0.500820
1007	1006	2	 1.002015	 0.501008
1008	1007	2	 1.002060	 0.501030
1009	1008	2	 0.999061	 0.499530
1010	1009	2	 0.999634	 0.499817
1011	1010	2	 0.998570	 0.499285
1012	1011	1	 0.500844	 0.500844
1013	1012	2	 0.999623	 0.499812
1014	1013	2	 0.998863	 0.499432
1015	1014	1	 0.500373	 0.500373
1016	1015	1	 0.500835	 0.500835
1017	1016	2	 1.001038	 0.500519
1018	1017	2	 1.003750	 0.501875
1019	1018	1	 0.500379	 0.500379
1020	1019	2	 1.000663	 0.500332
1021	1020	2	 1.002111	 0.501056
1022	1021	0	 0.000000	 0.000000
1023	1022	2	 1.000834	 0.500417
1024	1023	2	 1.000197	 0.500099
1025	1024	2	 1.001066	 0.500533
1026	1025	2	 0.998817	 0.499409
1027	1026	2	 0.997998	 0.498999
1028	1027	2	 1.003659	 0.501829
1029	1028	2	 0.999773	 0.499886
1030	1029	0	 0.000000	 0.000000
1031	1030	2	 0.999422	 0.499711
1032	1031	0	 0.000000	 0.000000
1033	1032	0	 0.000000	 0.000000
1034	1033	2	 0.997956	 0.498978
1035	1034	2	 0.997989	 0.498994
1036	1035	2	 1.003808	 0.501904
1037	1036	2	 1.000800	 0.500400
1038	1037	2	 0.998856	 0.499428
1039	1038	1	 0.500828	 0.500828
1040	1039	2	 1.000628	 0.500314
1041	1040	2	 1.002820	 0.501410
1042	1041	2	 1.003841	 0.501921
1043	1042	2	 0.998000	 0.499000
1044	1043	1	 0.500373	 0.500373
