1032
382
865
1030
711
375
183
566
460
28
363
878
64
141
256
76
1034
588
869
97
153
357
418
861
283
342
284
444
729
383
955
457
663
271
653
939
569
961
969
952
249
591
758
519
100
144
104
836
124
655
704
316
157
231
999
671
377
608
292
793
98
25
368
446
909
1035
643
277
953
312
1031
977
670
294
1000
59
920
675
123
632
341
817
982
747
142
800
191
991
314
459
727
373
992
536
105
331
207
338
69
8
308
844
420
90
404
36
432
291
1006
507
362
616
520
437
843
278
874
723
738
1028
170
483
349
166
180
812
1011
205
1024
894
862
922
714
677
958
830
158
134
171
794
417
687
620
600
306
972
23
819
48
573
821
442
272
441
461
309
551
172
1004
720
966
187
428
56
367
487
427
575
95
790
224
770
639
110
864
540
24
469
356
561
801
198
735
485
995
510
730
63
255
455
50
858
212
946
5
279
679
411
399
146
3
715
1026
851
503
32
213
605
275
179
673
151
627
253
855
668
30
286
273
773
452
702
241
795
533
873
1033
963
400
832
366
531
269
896
512
548
310
709
948
980
145
162
402
113
777
547
228
769
302
657
763
964
849
116
34
900
147
732
981
495
580
936
736
159
761
976
1029
893
415
825
532
824
1007
75
833
245
929
195
409
760
945
863
67
484
4
135
340
968
693
672
239
282
358
381
424
664
119
906
476
676
684
595
246
654
311
786
618
496
360
940
897
464
637
967
753
680
94
804
434
478
921
148
850
994
301
527
1020
943
930
380
296
594
70
990
511
820
598
689
51
796
216
45
882
959
538
14
334
522
630
898
880
813
828
321
698
54
78
603
85
563
453
932
346
140
1014
636
986
456
646
84
439
567
848
336
181
1005
384
780
970
555
89
719
396
325
762
20
55
635
604
471
489
303
335
2
327
263
345
136
143
242
840
638
1044
322
768
268
361
257
816
414
883
353
935
951
430
974
586
323
328
592
745
287
857
829
774
866
288
784
506
233
47
867
177
379
888
941
870
127
62
77
626
199
895
15
364
576
872
58
987
324
617
1001
757
175
163
1027
109
927
621
352
317
718
440
219
568
908
339
182
1038
517
989
973
1003
713
454
192
938
647
612
876
112
590
524
223
640
513
126
737
276
167
949
214
792
831
108
289
468
467
365
150
386
662
80
705
401
120
944
659
775
57
765
756
942
326
834
755
429
410
902
44
73
217
614
305
204
176
237
766
904
726
808
957
887
376
393
826
707
589
293
997
649
581
37
387
225
451
154
385
838
791
111
809
854
102
247
611
650
565
802
101
553
885
319
1037
634
860
783
298
266
61
629
691
772
642
746
797
905
544
17
926
115
391
508
450
731
426
12
1013
525
688
509
560
372
7
234
622
390
695
696
194
185
149
633
1041
725
609
789
998
722
479
956
193
209
226
297
710
264
562
899
1009
29
259
491
184
979
690
606
570
694
351
1018
202
868
1022
152
805
624
267
348
425
985
546
251
189
238
541
798
853
230
912
281
734
504
265
81
542
810
585
550
18
901
682
934
556
915
21
534
87
27
652
759
706
781
395
38
103
19
648
651
133
658
660
178
1042
877
937
333
236
258
528
818
252
403
856
628
779
436
674
903
811
988
474
526
764
539
724
486
60
835
475
161
515
916
472
137
473
433
107
72
218
914
412
669
892
742
975
841
960
156
494
928
66
518
244
890
174
584
16
490
607
499
206
1043
482
337
186
215
370
814
165
332
984
22
304
782
644
458
117
807
962
221
739
917
318
261
285
754
220
68
716
947
911
699
666
842
91
619
26
785
35
667
138
398
449
529
523
996
685
610
114
197
871
954
74
574
447
10
31
881
559
274
493
748
815
405
118
470
280
300
571
907
128
82
1021
359
407
537
466
9
354
497
1039
41
347
558
839
708
752
203
703
712
891
240
1025
232
615
923
859
132
823
803
852
329
413
462
827
728
971
557
681
933
776
564
613
744
408
910
799
552
749
355
243
443
678
771
416
445
579
33
1002
481
53
313
623
40
477
721
686
516
438
1017
978
665
597
599
421
717
549
583
315
139
582
448
778
656
925
463
13
164
661
201
131
879
924
1008
488
129
1012
200
1
168
577
889
406
350
983
260
505
1016
210
371
884
1019
480
248
1023
845
1010
578
993
229
950
397
465
320
262
886
423
1036
645
86
602
535
806
733
593
501
875
931
500
208
767
122
79
378
596
299
435
751
374
697
419
307
330
740
787
918
290
196
11
788
545
121
837
587
750
83
846
701
601
96
46
543
514
369
692
254
88
52
1040
498
222
847
227
343
49
190
173
521
919
125
92
389
700
270
169
71
554
6
93
1015
422
392
743
106
631
235
344
155
683
130
965
641
295
492
388
188
913
502
211
65
99
572
160
39
822
625
431
394
250
42
43
741
530
