680
631
101
567
49
565
257
84
164
810
1009
292
808
590
942
946
206
88
197
896
862
266
447
435
926
829
961
714
112
974
339
317
312
361
160
886
463
364
687
267
756
178
963
92
97
938
686
827
43
454
788
486
128
952
971
1011
498
85
595
607
179
40
547
609
46
367
163
951
104
1036
475
592
848
45
12
530
152
782
580
554
466
276
194
214
29
736
893
830
510
64
535
121
200
1018
492
1042
95
901
583
550
234
600
82
285
65
503
806
469
343
368
526
263
738
411
562
400
56
260
157
603
348
534
203
696
540
605
184
177
246
305
72
50
57
677
889
86
427
1028
139
571
431
441
71
250
646
468
253
362
297
129
13
429
538
495
514
910
625
4
325
116
1015
624
731
96
728
135
935
120
918
610
369
558
425
233
791
991
743
813
831
770
599
980
289
869
34
185
484
740
244
902
663
256
802
496
628
446
932
655
1005
593
63
76
949
570
839
908
287
715
940
68
678
355
345
144
307
335
948
470
226
1003
995
779
304
555
725
518
787
134
350
523
261
3
674
334
462
108
887
710
356
248
395
98
636
67
970
988
472
987
281
489
865
448
521
899
288
711
458
611
794
508
31
138
262
722
864
840
577
459
876
775
174
649
236
10
41
635
416
439
690
210
993
100
598
817
772
845
720
1022
275
513
298
807
965
1002
785
476
953
992
172
716
941
231
803
229
290
308
944
1026
452
223
897
127
440
254
19
221
415
933
113
169
630
44
375
832
1034
765
187
99
925
171
36
471
978
66
640
638
15
629
874
259
1008
232
338
168
634
220
1021
192
654
561
114
834
321
947
729
922
531
502
35
838
401
842
222
11
675
621
597
94
619
671
478
515
656
574
450
175
360
643
102
727
195
665
833
473
207
170
294
1025
847
977
997
626
137
559
388
235
62
860
464
396
525
612
363
91
780
878
32
391
103
936
866
533
198
853
660
718
708
55
371
826
757
542
868
958
22
964
919
956
110
879
749
778
895
131
376
374
739
984
836
967
151
724
331
7
340
937
149
142
843
545
245
430
302
119
490
451
990
905
644
154
741
145
156
333
983
465
143
258
968
849
1004
215
93
799
752
418
211
299
1024
409
212
176
17
695
349
850
923
653
87
633
996
280
870
309
28
389
824
539
623
191
549
300
564
5
497
819
48
894
428
457
693
732
158
264
544
173
551
81
774
59
61
662
769
884
42
985
118
615
744
685
323
616
617
353
205
402
1012
1019
58
461
733
522
683
805
572
959
252
1027
269
330
370
880
1023
519
588
1044
921
293
575
27
706
501
296
357
735
387
109
6
1041
911
417
855
105
986
890
25
658
499
313
528
642
336
47
1
354
196
373
1001
283
426
861
8
608
692
347
885
892
326
436
811
591
1038
520
384
398
227
237
955
548
277
140
556
844
1043
721
295
801
867
449
750
487
193
786
1030
70
377
762
760
247
443
709
328
327
322
882
697
291
16
182
618
238
781
270
999
422
1013
314
516
344
1033
998
645
891
702
930
393
148
541
284
301
329
460
754
213
898
407
928
767
162
771
712
278
318
661
274
399
412
1029
1017
500
123
359
586
365
672
776
723
717
888
818
189
602
679
403
798
240
703
225
789
161
934
479
800
668
651
89
835
77
517
648
385
372
815
773
1037
972
188
1039
871
2
700
190
816
434
124
141
579
406
30
445
532
483
352
568
53
962
664
324
613
111
24
512
606
622
783
759
303
969
931
390
627
1000
79
432
251
75
566
812
563
219
167
90
315
841
846
73
337
23
793
912
929
414
378
33
52
632
954
652
117
1040
641
273
601
506
524
204
596
509
224
726
442
650
734
981
576
883
797
228
792
9
858
698
917
413
272
872
537
380
790
604
943
136
494
153
209
74
133
578
689
670
208
950
761
873
795
614
166
553
543
39
130
857
341
536
657
342
453
881
945
823
351
748
201
186
909
1006
493
837
699
80
26
796
268
914
960
474
54
637
875
821
115
719
217
552
382
107
768
316
856
913
242
310
713
358
420
828
620
437
122
239
666
822
667
903
927
877
560
165
421
581
480
147
669
915
243
38
1031
230
763
199
14
982
569
255
83
1010
1014
216
546
1020
21
132
751
1016
746
455
758
973
573
381
920
594
271
557
639
282
51
659
584
907
69
366
804
488
704
18
694
814
180
589
408
444
241
809
701
467
747
737
438
504
766
491
682
989
181
125
691
183
764
481
78
159
939
155
784
456
924
37
485
979
684
20
529
60
900
730
707
527
851
647
424
397
820
755
705
966
904
1032
249
742
383
777
265
673
582
916
1007
202
688
306
507
394
852
126
423
994
477
505
854
405
332
218
311
745
286
404
319
482
859
346
863
433
681
392
1035
753
320
279
379
676
957
511
976
410
419
386
106
146
975
587
150
825
585
906
