530
35
524
382
803
899
890
950
11
830
1019
824
567
982
1032
269
545
608
957
1024
1031
1037
472
604
800
274
353
615
672
909
643
813
180
36
984
474
404
683
370
802
470
519
589
33
522
183
825
874
554
457
906
832
285
721
902
147
244
1018
772
190
1016
934
379
959
550
312
473
939
308
270
693
573
933
907
630
557
419
538
726
191
510
823
894
584
853
923
786
362
582
1038
597
107
614
309
1023
822
792
966
92
224
133
870
364
1002
7
705
497
706
84
482
552
942
840
192
908
188
74
1004
311
536
44
710
731
135
737
571
1010
503
152
900
328
166
806
617
468
996
185
720
195
54
807
375
819
808
987
448
208
776
374
979
938
284
698
958
8
694
594
880
351
682
541
436
37
732
1013
343
734
62
471
754
41
250
1014
106
686
399
949
210
361
215
941
559
163
769
181
796
32
531
828
839
511
463
642
638
735
652
119
937
369
225
561
577
928
856
929
811
280
453
994
663
336
150
221
69
103
512
456
344
199
862
267
363
867
350
644
435
667
829
146
579
251
670
508
750
331
194
278
438
40
760
387
641
973
209
801
139
204
658
277
777
401
294
998
799
47
502
10
814
201
603
1017
936
18
228
24
288
179
854
226
169
724
639
650
532
76
555
487
758
154
845
700
606
925
586
956
99
680
396
970
888
483
241
947
708
773
632
196
534
446
485
30
835
926
28
51
837
127
297
220
702
486
848
1030
67
645
265
621
551
415
741
217
420
161
885
52
15
367
102
757
160
798
170
319
12
993
588
86
516
953
875
755
689
946
242
628
804
322
897
601
767
424
877
506
592
768
121
346
526
447
118
271
575
398
368
922
893
901
149
187
779
214
390
881
17
774
501
422
782
155
527
1
727
409
668
568
495
324
816
478
600
669
431
687
759
104
302
55
116
539
148
193
50
389
712
109
919
13
384
253
912
64
921
259
303
49
1035
230
990
655
989
930
991
293
338
207
290
53
455
141
252
869
38
1003
315
458
647
184
736
385
143
439
709
437
505
540
935
87
66
847
6
570
914
115
236
316
895
688
913
56
1008
405
810
911
134
742
345
16
235
997
861
729
578
355
666
892
701
707
859
780
411
46
620
943
1001
108
954
865
498
23
428
636
255
917
1006
619
593
849
690
660
348
971
394
1012
560
548
4
918
1000
903
480
745
716
627
794
995
275
537
72
465
626
785
564
268
775
372
717
397
43
98
329
714
904
425
975
852
95
408
1034
1005
915
383
945
79
844
678
320
631
542
157
836
789
766
393
488
219
296
354
878
432
846
126
733
876
961
484
679
978
299
753
778
489
5
659
520
771
955
137
306
272
598
29
292
205
85
124
983
168
635
739
391
227
781
258
788
202
429
260
407
138
182
622
479
665
264
34
879
625
651
162
402
174
972
612
743
341
704
851
123
609
504
218
144
58
301
249
459
873
68
605
213
596
562
932
633
730
410
89
681
574
1028
951
1039
992
765
266
883
492
535
549
243
231
952
358
366
75
151
101
762
26
403
572
283
1029
477
587
738
80
464
988
200
657
222
999
610
985
613
866
1009
140
481
974
21
325
276
112
83
623
795
129
864
444
14
595
556
543
423
100
304
111
684
513
9
697
203
653
70
376
940
713
969
841
418
723
327
381
90
120
517
924
430
533
461
749
189
469
661
223
618
172
97
262
237
818
175
19
317
820
233
22
528
1025
332
850
131
443
88
746
677
441
585
300
896
515
130
566
509
752
377
831
963
334
145
406
976
400
61
421
544
433
964
426
48
581
553
685
449
977
73
417
1044
751
298
31
884
834
499
855
843
629
980
691
558
602
1040
289
748
699
747
452
371
529
333
211
960
569
565
318
490
142
337
637
291
238
246
1020
744
339
521
173
197
590
671
467
518
59
791
286
1015
395
842
662
82
349
649
93
216
793
240
450
232
719
787
60
295
307
3
434
81
117
514
122
725
313
27
245
347
805
981
886
809
414
860
257
500
872
607
427
305
722
674
282
340
611
580
654
634
335
94
273
931
863
445
703
125
546
920
838
388
454
882
178
158
71
359
1041
78
281
948
110
664
496
1011
206
321
815
491
326
91
63
563
1021
764
616
460
756
42
114
715
156
1027
462
916
827
2
821
365
817
797
646
352
770
728
229
944
858
239
640
523
466
599
986
77
968
287
696
675
248
256
1026
105
673
910
25
790
583
323
905
57
494
1022
186
763
591
475
965
889
826
128
871
171
440
1007
783
962
868
1033
413
891
386
833
812
198
1043
310
279
132
254
392
711
676
656
113
342
96
412
740
967
136
857
476
314
887
65
176
493
784
898
153
45
159
624
1042
360
378
20
164
177
356
692
576
1036
373
507
261
416
263
718
451
330
247
357
442
648
927
525
39
695
165
380
167
761
547
234
212
