384
540
712
3
662
503
321
827
513
320
452
208
938
1027
979
476
46
288
134
850
932
169
2
326
1041
690
491
854
441
711
658
669
433
52
180
788
941
172
638
370
881
507
977
284
406
100
567
489
947
771
417
981
376
480
1043
32
652
747
254
472
631
86
21
538
387
408
1017
607
740
56
101
845
58
937
682
843
654
277
198
175
195
157
121
213
633
670
386
340
546
917
40
245
632
599
484
230
156
47
787
490
692
498
189
297
820
192
20
62
260
327
693
445
766
573
880
123
889
91
410
600
965
635
338
68
477
283
946
44
795
352
409
332
145
214
649
357
709
51
517
705
840
50
74
908
182
520
522
858
642
59
789
466
617
81
358
329
628
604
73
860
685
41
675
282
815
345
995
126
233
350
367
276
980
646
400
227
166
463
954
781
780
159
956
940
726
887
149
640
875
224
122
678
467
176
609
244
802
761
554
994
22
972
644
504
957
1007
964
730
63
305
976
900
249
807
808
143
435
931
773
873
944
1023
399
790
575
847
998
296
509
330
148
758
1040
378
412
10
774
473
983
536
6
272
356
842
772
99
751
914
150
97
487
563
832
429
209
419
866
717
768
583
69
673
304
844
986
760
584
471
13
823
950
871
892
398
57
966
395
271
622
247
313
876
846
590
411
501
256
279
794
506
619
648
718
300
238
306
475
963
984
164
485
697
294
716
885
1008
952
830
301
336
363
262
895
1042
229
526
139
183
879
1031
187
805
991
426
1022
569
589
606
165
403
432
38
25
103
515
113
1020
413
355
353
468
151
422
614
826
1033
905
782
542
95
174
430
83
372
656
170
24
374
396
360
627
687
391
379
265
647
629
75
117
613
836
999
750
193
813
701
280
218
562
1025
508
500
925
8
921
809
199
1037
264
855
275
202
317
577
1029
680
769
401
454
421
161
1010
462
883
251
912
814
535
888
478
1038
115
343
786
177
806
448
96
564
594
328
234
1000
90
428
593
310
572
828
514
561
942
368
19
666
23
361
973
173
651
270
543
285
54
205
825
346
226
738
745
459
104
371
16
637
838
933
896
862
392
211
618
824
961
524
215
110
867
585
258
574
457
733
307
33
910
985
158
798
72
591
1
792
334
405
324
911
325
77
703
566
886
1019
958
1013
882
639
494
620
683
455
1028
292
124
551
416
146
196
35
114
486
212
755
603
968
425
112
162
576
461
645
767
223
185
759
919
316
623
470
939
438
765
133
12
366
970
835
936
219
989
754
221
923
660
741
135
333
732
132
597
167
714
434
404
302
289
1006
736
699
76
210
48
1005
549
884
130
197
783
237
992
710
318
437
959
1001
222
753
7
518
530
903
655
558
493
380
601
55
482
578
153
381
727
273
948
664
762
14
231
668
60
833
160
163
612
770
525
930
681
36
440
79
111
446
779
852
997
630
397
595
31
444
37
743
626
918
913
375
67
257
742
702
309
556
201
109
943
926
634
715
481
1015
184
84
529
951
878
465
287
497
677
1014
291
87
290
816
1024
17
906
323
385
874
200
42
469
819
990
281
839
45
672
570
853
407
544
580
899
661
267
550
479
142
278
777
1044
228
474
592
929
11
650
877
739
26
5
194
988
319
605
749
402
510
181
695
125
763
418
723
427
246
274
49
775
436
53
521
128
891
78
872
351
588
456
581
674
178
82
116
848
516
756
1039
811
220
955
748
962
236
731
66
70
349
239
587
663
565
676
207
547
65
776
505
704
168
720
204
337
131
71
303
856
560
390
757
698
725
894
496
625
696
568
596
299
295
450
335
729
868
138
382
598
971
250
85
982
377
30
1021
1016
140
987
269
688
996
424
694
528
537
665
98
915
641
1002
810
511
127
916
935
464
80
928
978
154
837
447
240
724
344
152
39
1018
443
851
364
34
373
602
621
909
106
545
1012
190
453
341
492
737
857
1004
829
719
342
365
636
394
64
15
144
259
553
822
61
268
924
261
241
804
861
383
137
801
975
864
331
793
721
713
314
752
865
791
415
974
519
949
922
527
147
764
897
248
1036
945
863
610
217
449
927
532
552
671
225
831
1026
821
539
799
439
89
611
689
263
119
28
423
796
818
388
898
531
93
393
657
298
571
953
242
700
232
420
902
129
1009
293
216
870
920
266
286
548
4
141
667
1034
653
849
960
679
784
354
88
859
579
339
728
1003
206
890
533
243
812
734
451
707
322
253
483
523
785
235
559
541
203
118
746
136
29
1011
778
706
901
907
1032
803
616
557
369
186
347
502
414
735
608
1035
362
18
904
359
43
488
27
624
155
171
102
800
686
458
893
555
534
499
348
722
495
969
691
841
312
744
834
255
684
708
586
9
442
967
120
643
94
105
308
993
869
311
431
252
1030
315
582
460
191
179
817
389
797
188
659
615
92
934
512
108
107
