1	0	2	 0.999453	 0.499727
2	1	0	 0.000000	 0.000000
3	2	0	 0.000000	 0.000000
4	3	2	 1.000038	 0.500019
5	4	2	 0.999874	 0.499937
6	5	2	 1.000844	 0.500422
7	6	2	 0.999812	 0.499906
8	7	2	 1.000106	 0.500053
9	8	0	 0.000000	 0.000000
10	9	2	 1.000788	 0.500394
11	10	2	 0.999886	 0.499943
12	11	2	 0.999457	 0.499729
13	12	2	 1.000575	 0.500287
14	13	2	 0.999834	 0.499917
15	14	2	 1.000125	 0.500062
16	15	2	 0.999543	 0.499772
17	16	2	 0.999892	 0.499946
18	17	1	 0.499904	 0.499904
19	18	2	 0.999778	 0.499889
20	19	1	 0.499970	 0.499970
21	20	0	 0.000000	 0.000000
22	21	2	 1.000713	 0.500356
23	22	2	 0.999773	 0.499887
24	23	2	 1.000091	 0.500046
25	24	2	 1.000445	 0.500223
26	25	2	 0.999889	 0.499945
27	26	1	 0.499899	 0.499899
28	27	2	 1.000034	 0.500017
29	28	1	 0.499899	 0.499899
30	29	2	 0.999929	 0.499964
31	30	2	 0.999976	 0.499988
32	31	0	 0.000000	 0.000000
33	32	2	 0.999518	 0.499759
34	33	2	 1.000121	 0.500060
35	34	2	 0.999456	 0.499728
36	35	2	 0.999978	 0.499989
37	36	2	 0.999977	 0.499989
38	37	2	 1.000470	 0.500235
39	38	2	 1.000124	 0.500062
40	39	0	 0.000000	 0.000000
41	40	2	 1.000412	 0.500206
42	41	2	 0.999889	 0.499944
43	42	1	 0.499896	 0.499896
44	43	1	 0.499970	 0.499970
45	44	2	 0.999889	 0.499944
46	45	0	 0.000000	 0.000000
47	46	0	 0.000000	 0.000000
48	47	2	 0.999824	 0.499912
49	48	2	 0.999828	 0.499914
50	49	1	 0.499966	 0.499966
51	50	1	 0.499967	 0.499967
52	51	0	 0.000000	 0.000000
53	52	2	 0.999827	 0.499913
54	53	2	 0.999741	 0.499871
55	54	2	 0.999821	 0.499911
56	55	0	 0.000000	 0.000000
57	56	2	 1.000615	 0.500307
58	57	0	 0.000000	 0.000000
59	58	1	 0.499970	 0.499970
60	59	2	 0.999821	 0.499911
61	60	2	 1.000268	 0.500134
62	61	1	 0.499969	 0.499969
63	62	2	 1.000812	 0.500406
64	63	2	 1.000132	 0.500066
65	64	2	 0.999827	 0.499913
66	65	2	 0.999827	 0.499913
67	66	2	 0.999977	 0.499989
68	67	1	 0.499969	 0.499969
69	68	2	 1.000621	 0.500311
70	69	2	 0.999827	 0.499913
71	70	2	 0.999919	 0.499960
72	71	2	 0.999475	 0.499737
73	72	2	 1.000438	 0.500219
74	73	1	 0.499968	 0.499968
75	74	2	 1.000104	 0.500052
76	75	2	 0.999812	 0.499906
77	76	2	 0.999462	 0.499731
78	77	2	 0.999818	 0.499909
79	78	2	 0.999969	 0.499985
80	79	2	 1.000139	 0.500069
81	80	2	 1.000453	 0.500226
82	81	2	 0.999821	 0.499911
83	82	2	 1.000104	 0.500052
84	83	2	 0.999971	 0.499986
85	84	2	 0.999921	 0.499961
86	85	0	 0.000000	 0.000000
87	86	2	 0.999876	 0.499938
88	87	2	 1.000040	 0.500020
89	88	2	 1.000276	 0.500138
90	89	2	 0.999734	 0.499867
91	90	1	 0.499967	 0.499967
92	91	0	 0.000000	 0.000000
93	92	2	 1.000038	 0.500019
94	93	0	 0.000000	 0.000000
95	94	2	 1.000484	 0.500242
96	95	2	 0.999757	 0.499878
97	96	2	 1.000719	 0.500360
98	97	2	 0.999937	 0.499968
99	98	2	 1.000679	 0.500340
100	99	0	 0.000000	 0.000000
101	100	0	 0.000000	 0.000000
102	101	1	 0.499909	 0.499909
103	102	2	 1.000387	 0.500194
104	103	2	 0.999608	 0.499804
105	104	0	 0.000000	 0.000000
106	105	2	 1.000111	 0.500056
107	106	0	 0.000000	 0.000000
108	107	0	 0.000000	 0.000000
109	108	2	 0.999973	 0.499986
110	109	2	 0.999618	 0.499809
111	110	2	 0.999972	 0.499986
112	111	2	 0.999579	 0.499789
113	112	2	 1.000376	 0.500188
114	113	2	 0.999576	 0.499788
115	114	2	 0.999814	 0.499907
116	115	2	 0.999865	 0.499933
117	116	2	 1.000084	 0.500042
118	117	1	 0.499915	 0.499915
119	118	2	 1.000027	 0.500014
120	119	0	 0.000000	 0.000000
121	120	0	 0.000000	 0.000000
122	121	2	 1.000320	 0.500160
123	122	1	 0.499972	 0.499972
124	123	2	 0.999601	 0.499801
125	124	2	 0.999873	 0.499936
126	125	2	 1.000309	 0.500155
127	126	2	 1.000097	 0.500049
128	127	2	 0.999877	 0.499939
129	128	2	 1.000024	 0.500012
130	129	2	 0.999878	 0.499939
131	130	2	 0.999950	 0.499975
132	131	2	 0.999607	 0.499804
133	132	2	 0.999598	 0.499799
134	133	0	 0.000000	 0.000000
135	134	2	 0.999585	 0.499792
136	135	1	 0.499918	 0.499918
137	136	2	 1.000201	 0.500101
138	137	2	 0.999946	 0.499973
139	138	2	 1.000397	 0.500198
140	139	2	 0.999944	 0.499972
141	140	2	 1.000027	 0.500014
142	141	2	 0.999895	 0.499947
143	142	2	 1.000702	 0.500351
144	143	2	 1.000127	 0.500064
145	144	1	 0.499967	 0.499967
146	145	2	 0.999510	 0.499755
147	146	2	 1.000236	 0.500118
148	147	2	 1.000711	 0.500355
149	148	2	 1.000376	 0.500188
150	149	2	 1.000723	 0.500362
151	150	2	 1.000431	 0.500216
152	151	2	 1.000121	 0.500060
153	152	2	 0.999838	 0.499919
154	153	2	 1.000121	 0.500060
155	154	1	 0.499900	 0.499900
156	155	0	 0.000000	 0.000000
157	156	0	 0.000000	 0.000000
158	157	2	 0.999525	 0.499763
159	158	2	 1.000402	 0.500201
160	159	2	 0.999970	 0.499985
161	160	2	 0.999761	 0.499881
162	161	2	 0.999447	 0.499724
163	162	2	 0.999974	 0.499987
164	163	2	 1.000606	 0.500303
165	164	2	 1.000496	 0.500248
166	165	2	 1.000428	 0.500214
167	166	2	 0.999818	 0.499909
168	167	2	 0.999923	 0.499961
169	168	0	 0.000000	 0.000000
170	169	2	 1.000108	 0.500054
171	170	1	 0.499888	 0.499888
172	171	0	 0.000000	 0.000000
173	172	2	 0.999737	 0.499869
174	173	2	 1.000109	 0.500054
175	174	0	 0.000000	 0.000000
176	175	2	 1.000450	 0.500225
177	176	2	 0.999732	 0.499866
178	177	2	 0.999817	 0.499909
179	178	0	 0.000000	 0.000000
180	179	0	 0.000000	 0.000000
181	180	2	 0.999823	 0.499911
182	181	1	 0.499967	 0.499967
183	182	2	 1.000526	 0.500263
184	183	2	 0.999969	 0.499985
185	184	2	 0.999386	 0.499693
186	185	1	 0.499883	 0.499883
187	186	2	 1.000536	 0.500268
188	187	0	 0.000000	 0.000000
189	188	1	 0.499965	 0.499965
190	189	2	 1.000146	 0.500073
191	190	0	 0.000000	 0.000000
192	191	1	 0.499965	 0.499965
193	192	2	 1.000111	 0.500055
194	193	2	 0.999877	 0.499939
195	194	0	 0.000000	 0.000000
196	195	2	 0.999371	 0.499685
197	196	2	 0.999803	 0.499902
198	197	0	 0.000000	 0.000000
199	198	2	 1.000111	 0.500055
200	199	2	 0.999874	 0.499937
201	200	2	 0.999973	 0.499986
202	201	2	 1.000112	 0.500056
203	202	1	 0.499881	 0.499881
204	203	2	 0.999913	 0.499957
205	204	2	 0.999717	 0.499859
206	205	2	 1.000047	 0.500024
207	206	2	 0.999813	 0.499907
208	207	0	 0.000000	 0.000000
209	208	2	 1.000671	 0.500335
210	209	2	 0.999802	 0.499901
211	210	2	 0.999432	 0.499716
212	211	2	 0.999366	 0.499683
213	212	0	 0.000000	 0.000000
214	213	1	 0.499965	 0.499965
215	214	2	 0.999432	 0.499716
216	215	2	 1.000045	 0.500022
217	216	2	 1.000291	 0.500145
218	217	2	 1.000111	 0.500056
219	218	2	 0.999367	 0.499683
220	219	2	 0.999813	 0.499906
221	220	2	 0.999363	 0.499681
222	221	2	 0.999799	 0.499899
223	222	2	 0.999360	 0.499680
224	223	2	 1.000478	 0.500239
225	224	2	 1.000293	 0.500146
226	225	2	 0.999716	 0.499858
227	226	2	 1.000477	 0.500238
228	227	2	 0.999868	 0.499934
229	228	2	 1.000549	 0.500274
230	229	0	 0.000000	 0.000000
231	230	2	 0.999799	 0.499900
232	231	2	 1.000047	 0.500023
233	232	2	 1.000480	 0.500240
234	233	2	 0.999713	 0.499856
235	234	1	 0.499880	 0.499880
236	235	2	 0.999809	 0.499905
237	236	2	 0.999799	 0.499899
238	237	2	 1.000682	 0.500341
239	238	2	 0.999809	 0.499905
240	239	2	 1.000146	 0.500073
241	240	2	 1.000298	 0.500149
242	241	2	 1.000048	 0.500024
243	242	2	 1.000047	 0.500024
244	243	2	 1.000475	 0.500237
245	244	0	 0.000000	 0.000000
246	245	2	 0.999812	 0.499906
247	246	2	 1.000661	 0.500330
248	247	2	 1.000290	 0.500145
249	248	2	 1.000862	 0.500431
250	249	2	 0.999916	 0.499958
251	250	2	 0.999728	 0.499864
252	251	0	 0.000000	 0.000000
253	252	1	 0.499887	 0.499887
254	253	0	 0.000000	 0.000000
255	254	0	 0.000000	 0.000000
256	255	2	 1.000644	 0.500322
257	256	2	 0.999975	 0.499988
258	257	2	 0.999453	 0.499726
259	258	2	 1.000143	 0.500071
260	259	1	 0.499967	 0.499967
261	260	2	 1.000281	 0.500141
262	261	2	 1.000520	 0.500260
263	262	2	 1.000049	 0.500024
264	263	2	 1.000113	 0.500057
265	264	2	 1.000115	 0.500057
266	265	2	 1.000049	 0.500024
267	266	2	 0.999886	 0.499943
268	267	2	 1.000276	 0.500138
269	268	2	 0.999920	 0.499960
270	269	2	 0.999740	 0.499870
271	270	2	 1.000606	 0.500303
272	271	2	 1.000804	 0.500402
273	272	2	 0.999815	 0.499907
274	273	2	 0.999824	 0.499912
275	274	2	 1.000108	 0.500054
276	275	2	 1.000434	 0.500217
277	276	0	 0.000000	 0.000000
278	277	2	 0.999878	 0.499939
279	278	2	 1.000620	 0.500310
280	279	2	 1.000102	 0.500051
281	280	2	 0.999878	 0.499939
282	281	2	 1.000429	 0.500215
283	282	1	 0.499963	 0.499963
284	283	0	 0.000000	 0.000000
285	284	2	 0.999745	 0.499873
286	285	2	 1.000034	 0.500017
287	286	2	 0.999954	 0.499977
288	287	0	 0.000000	 0.000000
289	288	2	 0.999809	 0.499905
290	289	2	 0.999880	 0.499940
291	290	2	 0.999876	 0.499938
292	291	2	 0.999449	 0.499725
293	292	2	 1.000034	 0.500017
294	293	2	 1.000487	 0.500244
295	294	2	 0.999936	 0.499968
296	295	2	 1.000751	 0.500376
297	296	1	 0.499969	 0.499969
298	297	2	 1.000033	 0.500017
299	298	2	 0.999935	 0.499968
300	299	2	 1.000585	 0.500292
301	300	2	 1.000471	 0.500235
302	301	2	 0.999829	 0.499915
303	302	2	 0.999945	 0.499972
304	303	2	 1.000568	 0.500284
305	304	2	 1.000785	 0.500393
306	305	2	 1.000561	 0.500281
307	306	2	 0.999572	 0.499786
308	307	0	 0.000000	 0.000000
309	308	2	 0.999960	 0.499980
310	309	2	 0.999793	 0.499897
311	310	0	 0.000000	 0.000000
312	311	0	 0.000000	 0.000000
313	312	2	 1.000517	 0.500259
314	313	2	 1.000219	 0.500110
315	314	0	 0.000000	 0.000000
316	315	2	 0.999516	 0.499758
317	316	2	 1.000084	 0.500042
318	317	2	 0.999841	 0.499920
319	318	2	 0.999902	 0.499951
320	319	0	 0.000000	 0.000000
321	320	0	 0.000000	 0.000000
322	321	1	 0.499913	 0.499913
323	322	2	 0.999898	 0.499949
324	323	2	 0.999556	 0.499778
325	324	2	 0.999566	 0.499783
326	325	0	 0.000000	 0.000000
327	326	1	 0.499968	 0.499968
328	327	2	 0.999783	 0.499891
329	328	2	 1.000368	 0.500184
330	329	2	 1.000703	 0.500352
331	330	2	 1.000236	 0.500118
332	331	1	 0.499969	 0.499969
333	332	2	 0.999503	 0.499751
334	333	2	 0.999565	 0.499783
335	334	2	 0.999952	 0.499976
336	335	2	 1.000432	 0.500216
337	336	2	 0.999954	 0.499977
338	337	1	 0.499967	 0.499967
339	338	2	 1.000026	 0.500013
340	339	0	 0.000000	 0.000000
341	340	2	 1.000132	 0.500066
342	341	2	 1.000132	 0.500066
343	342	2	 0.999770	 0.499885
344	343	2	 1.000136	 0.500068
345	344	2	 1.000398	 0.500199
346	345	2	 0.999769	 0.499884
347	346	1	 0.499893	 0.499893
348	347	0	 0.000000	 0.000000
349	348	2	 0.999838	 0.499919
350	349	2	 1.000398	 0.500199
351	350	2	 0.999836	 0.499918
352	351	1	 0.499966	 0.499966
353	352	2	 1.000455	 0.500228
354	353	2	 1.000030	 0.500015
355	354	2	 1.000452	 0.500226
356	355	2	 1.000752	 0.500376
357	356	1	 0.499965	 0.499965
358	357	2	 1.000400	 0.500200
359	358	1	 0.499892	 0.499892
360	359	2	 1.000094	 0.500047
361	360	2	 0.999772	 0.499886
362	361	1	 0.499892	 0.499892
363	362	2	 1.000471	 0.500236
364	363	2	 1.000141	 0.500070
365	364	2	 1.000139	 0.500069
366	365	2	 0.999465	 0.499732
367	366	2	 1.000409	 0.500204
368	367	2	 0.999759	 0.499879
369	368	1	 0.499887	 0.499887
370	369	0	 0.000000	 0.000000
371	370	2	 0.999528	 0.499764
372	371	2	 1.000096	 0.500048
373	372	2	 1.000139	 0.500070
374	373	2	 1.000091	 0.500046
375	374	2	 0.999956	 0.499978
376	375	0	 0.000000	 0.000000
377	376	2	 0.999940	 0.499970
378	377	2	 1.000756	 0.500378
379	378	2	 1.000087	 0.500043
380	379	2	 0.999831	 0.499916
381	380	2	 0.999826	 0.499913
382	381	2	 0.999941	 0.499971
383	382	2	 1.000256	 0.500128
384	383	0	 0.000000	 0.000000
385	384	2	 0.999871	 0.499936
386	385	0	 0.000000	 0.000000
387	386	0	 0.000000	 0.000000
388	387	2	 1.000026	 0.500013
389	388	0	 0.000000	 0.000000
390	389	2	 0.999937	 0.499968
391	390	2	 1.000087	 0.500043
392	391	2	 0.999532	 0.499766
393	392	2	 1.000028	 0.500014
394	393	2	 1.000126	 0.500063
395	394	2	 1.000582	 0.500291
396	395	2	 1.000081	 0.500040
397	396	2	 0.999959	 0.499979
398	397	2	 1.000573	 0.500286
399	398	2	 1.000753	 0.500377
400	399	2	 1.000393	 0.500197
401	400	2	 1.000079	 0.500040
402	401	2	 0.999881	 0.499941
403	402	2	 1.000433	 0.500217
404	403	2	 0.999837	 0.499919
405	404	2	 0.999541	 0.499770
406	405	0	 0.000000	 0.000000
407	406	2	 0.999889	 0.499945
408	407	0	 0.000000	 0.000000
409	408	1	 0.499968	 0.499968
410	409	1	 0.499966	 0.499966
411	410	2	 1.000620	 0.500310
412	411	2	 1.000825	 0.500412
413	412	2	 1.000513	 0.500256
414	413	1	 0.499883	 0.499883
415	414	2	 1.000281	 0.500140
416	415	2	 0.999396	 0.499698
417	416	0	 0.000000	 0.000000
418	417	2	 0.999809	 0.499905
419	418	2	 1.000675	 0.500338
420	419	2	 1.000034	 0.500017
421	420	2	 1.000121	 0.500061
422	421	2	 1.000550	 0.500275
423	422	2	 1.000035	 0.500018
424	423	2	 0.999932	 0.499966
425	424	2	 0.999371	 0.499686
426	425	2	 1.000556	 0.500278
427	426	2	 0.999802	 0.499901
428	427	2	 0.999715	 0.499857
429	428	2	 1.000707	 0.500354
430	429	2	 1.000119	 0.500060
431	430	0	 0.000000	 0.000000
432	431	2	 1.000576	 0.500288
433	432	0	 0.000000	 0.000000
434	433	2	 0.999788	 0.499894
435	434	2	 1.000960	 0.500480
436	435	2	 0.999793	 0.499897
437	436	2	 0.999784	 0.499892
438	437	2	 0.999332	 0.499666
439	438	2	 1.000316	 0.500158
440	439	2	 0.999954	 0.499977
441	440	0	 0.000000	 0.000000
442	441	0	 0.000000	 0.000000
443	442	2	 1.000166	 0.500083
444	443	2	 0.999959	 0.499980
445	444	1	 0.499958	 0.499958
446	445	2	 0.999961	 0.499980
447	446	2	 1.000165	 0.500082
448	447	2	 0.999700	 0.499850
449	448	2	 1.000313	 0.500157
450	449	2	 0.999914	 0.499957
451	450	1	 0.499870	 0.499870
452	451	0	 0.000000	 0.000000
453	452	2	 1.000162	 0.500081
454	453	2	 1.000126	 0.500063
455	454	2	 0.999318	 0.499659
456	455	2	 0.999792	 0.499896
457	456	2	 0.999391	 0.499696
458	457	1	 0.499869	 0.499869
459	458	2	 0.999388	 0.499694
460	459	0	 0.000000	 0.000000
461	460	2	 0.999324	 0.499662
462	461	2	 0.999698	 0.499849
463	462	2	 1.000508	 0.500254
464	463	2	 1.000161	 0.500081
465	464	2	 0.999961	 0.499981
466	465	2	 1.000508	 0.500254
467	466	2	 1.000508	 0.500254
468	467	2	 1.000588	 0.500294
469	468	2	 0.999855	 0.499928
470	469	2	 0.999337	 0.499668
471	470	2	 1.000729	 0.500364
472	471	0	 0.000000	 0.000000
473	472	2	 1.000952	 0.500476
474	473	2	 0.999856	 0.499928
475	474	2	 1.000732	 0.500366
476	475	0	 0.000000	 0.000000
477	476	1	 0.499960	 0.499960
478	477	2	 0.999706	 0.499853
479	478	2	 0.999858	 0.499929
480	479	0	 0.000000	 0.000000
481	480	2	 0.999959	 0.499979
482	481	2	 0.999797	 0.499898
483	482	1	 0.499875	 0.499875
484	483	0	 0.000000	 0.000000
485	484	2	 1.000554	 0.500277
486	485	2	 0.999370	 0.499685
487	486	2	 1.000697	 0.500349
488	487	1	 0.499873	 0.499873
489	488	0	 0.000000	 0.000000
490	489	0	 0.000000	 0.000000
491	490	0	 0.000000	 0.000000
492	491	2	 1.000165	 0.500083
493	492	2	 0.999789	 0.499895
494	493	2	 0.999417	 0.499708
495	494	0	 0.000000	 0.000000
496	495	2	 0.999920	 0.499960
497	496	2	 0.999956	 0.499978
498	497	1	 0.499958	 0.499958
499	498	0	 0.000000	 0.000000
500	499	2	 1.000122	 0.500061
501	500	2	 1.000717	 0.500358
502	501	1	 0.499873	 0.499873
503	502	0	 0.000000	 0.000000
504	503	2	 1.000927	 0.500463
505	504	2	 0.999922	 0.499961
506	505	2	 1.000707	 0.500353
507	506	0	 0.000000	 0.000000
508	507	2	 1.000125	 0.500063
509	508	2	 1.000900	 0.500450
510	509	2	 0.999805	 0.499903
511	510	2	 1.000159	 0.500079
512	511	0	 0.000000	 0.000000
513	512	0	 0.000000	 0.000000
514	513	2	 0.999725	 0.499862
515	514	2	 1.000553	 0.500277
516	515	2	 0.999806	 0.499903
517	516	1	 0.499959	 0.499959
518	517	2	 0.999797	 0.499898
519	518	2	 1.000289	 0.500145
520	519	1	 0.499960	 0.499960
521	520	2	 0.999809	 0.499905
522	521	1	 0.499961	 0.499961
523	522	1	 0.499879	 0.499879
524	523	2	 0.999444	 0.499722
525	524	2	 0.999962	 0.499981
526	525	2	 1.000550	 0.500275
527	526	2	 1.000286	 0.500143
528	527	2	 0.999925	 0.499963
529	528	2	 0.999963	 0.499982
530	529	2	 0.999803	 0.499901
531	530	2	 1.000040	 0.500020
532	531	2	 1.000283	 0.500142
533	532	2	 1.000039	 0.500020
534	533	1	 0.499882	 0.499882
535	534	2	 0.999732	 0.499866
536	535	2	 1.000867	 0.500434
537	536	2	 0.999928	 0.499964
538	537	0	 0.000000	 0.000000
539	538	2	 1.000280	 0.500140
540	539	0	 0.000000	 0.000000
541	540	1	 0.499884	 0.499884
542	541	2	 1.000530	 0.500265
543	542	2	 0.999733	 0.499867
544	543	2	 0.999865	 0.499933
545	544	2	 1.000156	 0.500078
546	545	0	 0.000000	 0.000000
547	546	2	 0.999812	 0.499906
548	547	2	 1.000038	 0.500019
549	548	2	 0.999805	 0.499902
550	549	2	 0.999866	 0.499933
551	550	2	 0.999390	 0.499695
552	551	2	 1.000284	 0.500142
553	552	2	 1.000155	 0.500078
554	553	2	 1.000464	 0.500232
555	554	1	 0.499880	 0.499880
556	555	2	 0.999960	 0.499980
557	556	1	 0.499880	 0.499880
558	557	2	 0.999802	 0.499901
559	558	1	 0.499881	 0.499881
560	559	2	 0.999926	 0.499963
561	560	2	 0.999731	 0.499865
562	561	2	 1.000114	 0.500057
563	562	2	 1.000662	 0.500331
564	563	2	 0.999731	 0.499865
565	564	2	 0.999815	 0.499907
566	565	2	 0.999462	 0.499731
567	566	0	 0.000000	 0.000000
568	567	2	 0.999929	 0.499964
569	568	2	 1.000539	 0.500269
570	569	2	 0.999869	 0.499935
571	570	2	 1.000039	 0.500020
572	571	2	 0.999731	 0.499865
573	572	1	 0.499962	 0.499962
574	573	2	 0.999454	 0.499727
575	574	2	 1.000865	 0.500432
576	575	2	 0.999390	 0.499695
577	576	2	 1.000120	 0.500060
578	577	2	 0.999804	 0.499902
579	578	2	 1.000040	 0.500020
580	579	2	 0.999873	 0.499937
581	580	2	 0.999815	 0.499908
582	581	0	 0.000000	 0.000000
583	582	2	 1.000654	 0.500327
584	583	2	 1.000655	 0.500327
585	584	2	 0.999454	 0.499727
586	585	0	 0.000000	 0.000000
587	586	2	 0.999811	 0.499906
588	587	2	 0.999813	 0.499907
589	588	2	 1.000541	 0.500270
590	589	2	 1.000660	 0.500330
591	590	2	 0.999449	 0.499725
592	591	2	 0.999871	 0.499935
593	592	2	 0.999731	 0.499865
594	593	2	 0.999732	 0.499866
595	594	2	 0.999965	 0.499982
596	595	2	 0.999926	 0.499963
597	596	2	 0.999384	 0.499692
598	597	2	 0.999928	 0.499964
599	598	0	 0.000000	 0.000000
600	599	1	 0.499962	 0.499962
601	600	2	 0.999804	 0.499902
602	601	2	 1.000153	 0.500076
603	602	2	 0.999384	 0.499692
604	603	2	 1.000461	 0.500231
605	604	2	 0.999871	 0.499935
606	605	2	 1.000543	 0.500271
607	606	0	 0.000000	 0.000000
608	607	1	 0.499882	 0.499882
609	608	2	 1.000462	 0.500231
610	609	2	 1.000280	 0.500140
611	610	2	 1.000281	 0.500141
612	611	2	 0.999966	 0.499983
613	612	2	 1.000122	 0.500061
614	613	2	 1.000547	 0.500274
615	614	0	 0.000000	 0.000000
616	615	1	 0.499882	 0.499882
617	616	2	 1.000464	 0.500232
618	617	2	 0.999447	 0.499723
619	618	2	 1.000674	 0.500337
620	619	2	 0.999443	 0.499722
621	620	2	 1.000153	 0.500077
622	621	2	 1.000680	 0.500340
623	622	2	 0.999380	 0.499690
624	623	1	 0.499882	 0.499882
625	624	2	 0.999925	 0.499963
626	625	2	 0.999965	 0.499982
627	626	2	 1.000122	 0.500061
628	627	2	 1.000464	 0.500232
629	628	2	 1.000121	 0.500061
630	629	2	 0.999965	 0.499983
631	630	0	 0.000000	 0.000000
632	631	0	 0.000000	 0.000000
633	632	0	 0.000000	 0.000000
634	633	2	 0.999966	 0.499983
635	634	1	 0.499961	 0.499961
636	635	2	 1.000153	 0.500076
637	636	2	 0.999449	 0.499724
638	637	0	 0.000000	 0.000000
639	638	2	 0.999449	 0.499724
640	639	2	 1.000464	 0.500232
641	640	2	 1.000153	 0.500076
642	641	1	 0.499961	 0.499961
643	642	0	 0.000000	 0.000000
644	643	2	 1.000872	 0.500436
645	644	2	 0.999394	 0.499697
646	645	2	 1.000459	 0.500230
647	646	2	 1.000116	 0.500058
648	647	2	 1.000670	 0.500335
649	648	1	 0.499961	 0.499961
650	649	2	 0.999867	 0.499934
651	650	2	 0.999734	 0.499867
652	651	0	 0.000000	 0.000000
653	652	2	 1.000037	 0.500018
654	653	0	 0.000000	 0.000000
655	654	2	 0.999811	 0.499905
656	655	2	 1.000113	 0.500057
657	656	2	 1.000037	 0.500018
658	657	0	 0.000000	 0.000000
659	658	0	 0.000000	 0.000000
660	659	2	 0.999400	 0.499700
661	660	2	 0.999865	 0.499932
662	661	0	 0.000000	 0.000000
663	662	2	 0.999811	 0.499906
664	663	2	 0.999808	 0.499904
665	664	2	 0.999928	 0.499964
666	665	2	 0.999734	 0.499867
667	666	2	 1.000034	 0.500017
668	667	2	 0.999806	 0.499903
669	668	0	 0.000000	 0.000000
670	669	0	 0.000000	 0.000000
671	670	2	 1.000277	 0.500139
672	671	2	 0.999863	 0.499932
673	672	2	 1.000671	 0.500336
674	673	2	 0.999812	 0.499906
675	674	2	 1.000458	 0.500229
676	675	2	 0.999813	 0.499907
677	676	2	 0.999958	 0.499979
678	677	2	 1.000456	 0.500228
679	678	2	 1.000035	 0.500018
680	679	2	 1.000112	 0.500056
681	680	2	 0.999957	 0.499979
682	681	0	 0.000000	 0.000000
683	682	2	 0.999465	 0.499732
684	683	0	 0.000000	 0.000000
685	684	2	 1.000460	 0.500230
686	685	1	 0.499880	 0.499880
687	686	2	 1.000114	 0.500057
688	687	2	 0.999930	 0.499965
689	688	2	 1.000276	 0.500138
690	689	0	 0.000000	 0.000000
691	690	0	 0.000000	 0.000000
692	691	1	 0.499961	 0.499961
693	692	1	 0.499961	 0.499961
694	693	2	 0.999926	 0.499963
695	694	2	 0.999812	 0.499906
696	695	2	 0.999928	 0.499964
697	696	2	 1.000533	 0.500267
698	697	2	 0.999927	 0.499963
699	698	2	 0.999806	 0.499903
700	699	2	 1.000036	 0.500018
701	700	2	 1.000110	 0.500055
702	701	2	 0.999960	 0.499980
703	702	2	 0.999460	 0.499730
704	703	2	 0.999925	 0.499963
705	704	1	 0.499962	 0.499962
706	705	1	 0.499880	 0.499880
707	706	1	 0.499880	 0.499880
708	707	0	 0.000000	 0.000000
709	708	1	 0.499962	 0.499962
710	709	2	 0.999805	 0.499902
711	710	0	 0.000000	 0.000000
712	711	0	 0.000000	 0.000000
713	712	2	 1.000280	 0.500140
714	713	2	 0.999805	 0.499903
715	714	2	 0.999964	 0.499982
716	715	2	 1.000536	 0.500268
717	716	2	 1.000665	 0.500333
718	717	2	 1.000665	 0.500333
719	718	2	 1.000147	 0.500073
720	719	2	 0.999921	 0.499960
721	720	2	 1.000278	 0.500139
722	721	0	 0.000000	 0.000000
723	722	2	 0.999811	 0.499906
724	723	2	 1.000150	 0.500075
725	724	2	 0.999920	 0.499960
726	725	2	 1.000472	 0.500236
727	726	2	 0.999803	 0.499902
728	727	2	 1.000040	 0.500020
729	728	2	 0.999920	 0.499960
730	729	2	 1.000899	 0.500449
731	730	2	 0.999807	 0.499904
732	731	2	 0.999376	 0.499688
733	732	2	 0.999443	 0.499722
734	733	1	 0.499878	 0.499878
735	734	1	 0.499878	 0.499878
736	735	2	 0.999800	 0.499900
737	736	2	 1.000153	 0.500076
738	737	2	 0.999721	 0.499861
739	738	2	 0.999864	 0.499932
740	739	0	 0.000000	 0.000000
741	740	2	 0.999378	 0.499689
742	741	2	 0.999961	 0.499981
743	742	2	 0.999962	 0.499981
744	743	0	 0.000000	 0.000000
745	744	2	 0.999719	 0.499859
746	745	1	 0.499878	 0.499878
747	746	0	 0.000000	 0.000000
748	747	2	 0.999808	 0.499904
749	748	2	 0.999863	 0.499931
750	749	2	 1.000113	 0.500056
751	750	2	 1.000906	 0.500453
752	751	2	 1.000290	 0.500145
753	752	2	 0.999799	 0.499900
754	753	2	 0.999371	 0.499686
755	754	2	 0.999372	 0.499686
756	755	2	 0.999810	 0.499905
757	756	2	 0.999919	 0.499960
758	757	2	 1.000896	 0.500448
759	758	2	 0.999379	 0.499690
760	759	2	 1.000681	 0.500341
761	760	2	 1.000475	 0.500237
762	761	2	 0.999801	 0.499900
763	762	2	 0.999811	 0.499906
764	763	2	 1.000287	 0.500144
765	764	2	 0.999375	 0.499688
766	765	1	 0.499963	 0.499963
767	766	2	 0.999371	 0.499685
768	767	2	 1.000689	 0.500345
769	768	2	 1.000116	 0.500058
770	769	2	 0.999965	 0.499982
771	770	0	 0.000000	 0.000000
772	771	2	 1.000900	 0.500450
773	772	2	 1.000901	 0.500450
774	773	2	 1.000903	 0.500452
775	774	2	 0.999807	 0.499903
776	775	2	 0.999808	 0.499904
777	776	2	 0.999866	 0.499933
778	777	1	 0.499880	 0.499880
779	778	2	 0.999963	 0.499982
780	779	2	 1.000471	 0.500235
781	780	2	 1.000474	 0.500237
782	781	2	 1.000557	 0.500278
783	782	2	 0.999798	 0.499899
784	783	2	 1.000040	 0.500020
785	784	1	 0.499879	 0.499879
786	785	2	 0.999723	 0.499861
787	786	0	 0.000000	 0.000000
788	787	0	 0.000000	 0.000000
789	788	2	 1.000468	 0.500234
790	789	2	 1.000886	 0.500443
791	790	2	 1.000287	 0.500143
792	791	2	 0.999445	 0.499723
793	792	2	 1.000286	 0.500143
794	793	2	 1.000689	 0.500344
795	794	1	 0.499960	 0.499960
796	795	2	 1.000040	 0.500020
797	796	0	 0.000000	 0.000000
798	797	2	 0.999435	 0.499718
799	798	2	 1.000291	 0.500146
800	799	1	 0.499878	 0.499878
801	800	2	 1.000292	 0.500146
802	801	2	 1.000480	 0.500240
803	802	1	 0.499876	 0.499876
804	803	2	 1.000293	 0.500147
805	804	2	 1.000563	 0.500281
806	805	2	 0.999718	 0.499859
807	806	2	 1.000910	 0.500455
808	807	2	 1.000908	 0.500454
809	808	2	 1.000119	 0.500059
810	809	2	 1.000159	 0.500080
811	810	2	 0.999809	 0.499904
812	811	2	 1.000037	 0.500018
813	812	2	 1.000118	 0.500059
814	813	2	 0.999725	 0.499863
815	814	2	 1.000467	 0.500234
816	815	2	 0.999866	 0.499933
817	816	0	 0.000000	 0.000000
818	817	2	 1.000039	 0.500020
819	818	2	 0.999863	 0.499932
820	819	1	 0.499960	 0.499960
821	820	2	 1.000289	 0.500144
822	821	2	 1.000157	 0.500079
823	822	2	 1.000681	 0.500341
824	823	2	 0.999445	 0.499722
825	824	2	 0.999727	 0.499863
826	825	2	 1.000544	 0.500272
827	826	0	 0.000000	 0.000000
828	827	2	 0.999724	 0.499862
829	828	2	 1.000154	 0.500077
830	829	2	 1.000536	 0.500268
831	830	2	 1.000286	 0.500143
832	831	2	 1.000658	 0.500329
833	832	2	 0.999964	 0.499982
834	833	0	 0.000000	 0.000000
835	834	2	 0.999395	 0.499698
836	835	2	 1.000114	 0.500057
837	836	2	 1.000150	 0.500075
838	837	2	 0.999437	 0.499718
839	838	2	 0.999870	 0.499935
840	839	1	 0.499963	 0.499963
841	840	0	 0.000000	 0.000000
842	841	2	 1.000906	 0.500453
843	842	0	 0.000000	 0.000000
844	843	2	 1.000680	 0.500340
845	844	0	 0.000000	 0.000000
846	845	2	 1.000685	 0.500343
847	846	2	 1.000874	 0.500437
848	847	2	 0.999809	 0.499904
849	848	2	 1.000053	 0.500027
850	849	0	 0.000000	 0.000000
851	850	2	 1.000151	 0.500075
852	851	2	 0.999972	 0.499986
853	852	2	 0.999867	 0.499933
854	853	0	 0.000000	 0.000000
855	854	2	 1.000131	 0.500065
856	855	2	 0.999915	 0.499957
857	856	2	 1.000154	 0.500077
858	857	1	 0.499963	 0.499963
859	858	2	 1.000045	 0.500023
860	859	2	 1.000504	 0.500252
861	860	2	 1.000317	 0.500158
862	861	2	 0.999396	 0.499698
863	862	2	 1.000317	 0.500158
864	863	2	 1.000320	 0.500160
865	864	2	 1.000318	 0.500159
866	865	2	 1.000759	 0.500379
867	866	2	 0.999367	 0.499684
868	867	2	 0.999917	 0.499958
869	868	0	 0.000000	 0.000000
870	869	2	 1.000051	 0.500026
871	870	2	 1.000752	 0.500376
872	871	2	 0.999785	 0.499892
873	872	2	 1.000992	 0.500496
874	873	2	 0.999857	 0.499928
875	874	2	 1.000528	 0.500264
876	875	2	 1.000751	 0.500375
877	876	2	 0.999860	 0.499930
878	877	2	 0.999974	 0.499987
879	878	2	 1.000596	 0.500298
880	879	1	 0.499967	 0.499967
881	880	0	 0.000000	 0.000000
882	881	2	 0.999364	 0.499682
883	882	2	 0.999689	 0.499845
884	883	2	 0.999788	 0.499894
885	884	2	 1.000591	 0.500295
886	885	2	 0.999360	 0.499680
887	886	2	 1.000514	 0.500257
888	887	2	 0.999695	 0.499847
889	888	1	 0.499967	 0.499967
890	889	2	 1.000060	 0.500030
891	890	2	 0.999791	 0.499895
892	891	2	 1.000747	 0.500373
893	892	1	 0.499869	 0.499869
894	893	2	 0.999888	 0.499944
895	894	2	 1.000612	 0.500306
896	895	2	 0.999353	 0.499677
897	896	2	 1.000339	 0.500170
898	897	2	 1.000062	 0.500031
899	898	2	 0.999864	 0.499932
900	899	2	 1.000938	 0.500469
901	900	1	 0.499875	 0.499875
902	901	2	 1.000064	 0.500032
903	902	2	 0.999781	 0.499890
904	903	1	 0.499871	 0.499871
905	904	2	 1.000607	 0.500303
906	905	2	 0.999864	 0.499932
907	906	1	 0.499875	 0.499875
908	907	1	 0.499964	 0.499964
909	908	2	 1.000158	 0.500079
910	909	2	 0.999440	 0.499720
911	910	2	 0.999470	 0.499735
912	911	2	 0.999747	 0.499874
913	912	2	 0.999977	 0.499989
914	913	2	 1.000723	 0.500362
915	914	2	 0.999936	 0.499968
916	915	2	 1.000114	 0.500057
917	916	0	 0.000000	 0.000000
918	917	2	 0.999983	 0.499992
919	918	2	 0.999559	 0.499780
920	919	2	 1.000035	 0.500018
921	920	2	 1.000073	 0.500036
922	921	2	 1.000204	 0.500102
923	922	2	 0.999579	 0.499789
924	923	2	 1.000195	 0.500098
925	924	2	 1.000065	 0.500033
926	925	2	 0.999978	 0.499989
927	926	2	 1.000209	 0.500104
928	927	2	 1.000102	 0.500051
929	928	2	 0.999910	 0.499955
930	929	2	 0.999983	 0.499991
931	930	2	 1.000637	 0.500319
932	931	0	 0.000000	 0.000000
933	932	2	 0.999577	 0.499788
934	933	0	 0.000000	 0.000000
935	934	2	 1.000108	 0.500054
936	935	2	 0.999512	 0.499756
937	936	0	 0.000000	 0.000000
938	937	0	 0.000000	 0.000000
939	938	2	 0.999548	 0.499774
940	939	2	 1.000914	 0.500457
941	940	0	 0.000000	 0.000000
942	941	2	 0.999444	 0.499722
943	942	2	 0.999980	 0.499990
944	943	2	 1.001807	 0.500903
945	944	2	 1.000663	 0.500331
946	945	1	 0.499941	 0.499941
947	946	0	 0.000000	 0.000000
948	947	2	 0.999564	 0.499782
949	948	2	 1.000663	 0.500332
950	949	2	 1.001399	 0.500699
951	950	2	 0.999983	 0.499991
952	951	2	 1.001191	 0.500595
953	952	2	 1.000133	 0.500066
954	953	2	 1.001009	 0.500504
955	954	2	 0.999595	 0.499797
956	955	2	 1.001002	 0.500501
957	956	2	 1.001757	 0.500879
958	957	2	 0.999519	 0.499760
959	958	2	 0.999720	 0.499860
960	959	2	 0.999862	 0.499931
961	960	2	 0.999418	 0.499709
962	961	2	 0.999618	 0.499809
963	962	2	 1.001556	 0.500778
964	963	2	 1.002141	 0.501070
965	964	1	 0.499802	 0.499802
966	965	2	 1.001758	 0.500879
967	966	0	 0.000000	 0.000000
968	967	2	 0.998981	 0.499490
969	968	0	 0.000000	 0.000000
970	969	2	 0.998891	 0.499446
971	970	2	 1.000102	 0.500051
972	971	2	 1.002448	 0.501224
973	972	2	 0.999464	 0.499732
974	973	2	 1.000549	 0.500275
975	974	2	 1.000581	 0.500290
976	975	2	 1.002376	 0.501188
977	976	0	 0.000000	 0.000000
978	977	2	 1.000624	 0.500312
979	978	0	 0.000000	 0.000000
980	979	2	 1.001046	 0.500523
981	980	0	 0.000000	 0.000000
982	981	2	 1.000071	 0.500036
983	982	2	 1.002396	 0.501198
984	983	2	 1.001836	 0.500918
985	984	2	 0.998907	 0.499454
986	985	2	 1.001882	 0.500941
987	986	2	 1.000057	 0.500029
988	987	2	 0.999450	 0.499725
989	988	2	 0.998759	 0.499380
990	989	2	 0.999454	 0.499727
991	990	2	 1.001492	 0.500746
992	991	2	 0.999447	 0.499724
993	992	0	 0.000000	 0.000000
994	993	2	 1.001170	 0.500585
995	994	2	 1.001196	 0.500598
996	995	2	 1.000040	 0.500020
997	996	2	 0.999658	 0.499829
998	997	2	 1.002696	 0.501348
999	998	2	 1.000511	 0.500256
1000	999	2	 0.999384	 0.499692
1001	1000	2	 0.999424	 0.499712
1002	1001	2	 1.000697	 0.500348
1003	1002	2	 0.999954	 0.499977
1004	1003	2	 1.000682	 0.500341
1005	1004	2	 0.999422	 0.499711
1006	1005	2	 0.999421	 0.499710
1007	1006	2	 1.002621	 0.501311
1008	1007	2	 1.001666	 0.500833
1009	1008	2	 0.999955	 0.499978
1010	1009	2	 0.999396	 0.499698
1011	1010	1	 0.499629	 0.499629
1012	1011	2	 1.000691	 0.500346
1013	1012	2	 0.998726	 0.499363
1014	1013	2	 0.999464	 0.499732
1015	1014	2	 0.999668	 0.499834
1016	1015	2	 1.000031	 0.500015
1017	1016	0	 0.000000	 0.000000
1018	1017	2	 1.000670	 0.500335
1019	1018	2	 0.998728	 0.499364
1020	1019	2	 1.001739	 0.500870
1021	1020	2	 1.000038	 0.500019
1022	1021	2	 1.001700	 0.500850
1023	1022	2	 1.002746	 0.501373
1024	1023	2	 0.999465	 0.499733
1025	1024	2	 1.000533	 0.500267
1026	1025	2	 1.000727	 0.500363
1027	1026	0	 0.000000	 0.000000
1028	1027	2	 0.998632	 0.499316
1029	1028	2	 1.000514	 0.500257
1030	1029	0	 0.000000	 0.000000
1031	1030	2	 1.001631	 0.500816
1032	1031	1	 0.499628	 0.499628
1033	1032	2	 1.001621	 0.500811
1034	1033	2	 0.999949	 0.499974
1035	1034	1	 0.499610	 0.499610
1036	1035	2	 1.000706	 0.500353
1037	1036	2	 1.000500	 0.500250
1038	1037	2	 0.999386	 0.499693
1039	1038	2	 0.999399	 0.499699
1040	1039	2	 1.002660	 0.501330
1041	1040	0	 0.000000	 0.000000
1042	1041	2	 1.001691	 0.500845
1043	1042	0	 0.000000	 0.000000
1044	1043	2	 0.999448	 0.499724
