933
597
882
214
409
454
141
425
460
777
966
209
369
738
39
311
81
531
470
56
44
218
94
165
853
948
826
741
453
936
517
92
96
959
316
325
885
407
519
543
504
698
671
801
231
1008
859
188
82
261
502
684
601
139
123
196
415
743
691
361
290
744
746
554
986
648
57
176
51
58
907
233
834
755
387
417
356
468
872
1022
489
692
768
735
109
567
780
650
497
677
612
786
724
997
598
1041
891
903
333
911
330
389
812
414
662
392
545
536
136
876
700
609
442
808
467
378
380
980
627
177
533
480
342
797
166
577
984
624
328
87
130
345
734
970
510
408
713
114
226
101
604
994
912
539
382
412
341
144
72
861
245
175
12
62
476
947
967
672
913
49
661
878
992
477
236
943
1042
660
376
787
555
3
578
653
360
689
1039
150
1035
792
581
640
646
200
227
181
168
117
98
455
269
346
446
156
634
670
680
31
43
733
1026
405
873
371
282
804
427
600
113
1009
505
287
770
722
537
493
112
705
88
83
363
762
435
263
148
542
556
95
154
1017
305
897
877
888
428
749
748
174
254
212
348
930
763
902
495
739
286
594
1030
789
706
318
995
302
1027
158
827
615
322
303
752
449
426
856
883
603
616
320
894
337
189
633
79
527
940
710
819
153
814
954
229
655
574
928
875
386
904
563
591
674
142
945
469
725
788
975
459
717
399
968
976
639
1002
852
173
326
63
36
60
805
437
924
257
393
793
599
830
666
247
676
107
723
429
901
309
397
881
782
884
422
817
593
385
822
135
436
413
479
7
879
375
546
34
887
842
55
199
811
619
1036
35
118
977
719
535
815
548
900
308
588
823
629
441
66
182
972
146
447
969
104
906
267
19
183
456
115
191
99
275
211
40
438
915
849
187
241
332
979
685
20
167
129
242
993
699
238
86
707
909
239
307
529
74
11
553
1044
916
583
498
343
999
990
740
643
237
696
384
785
463
362
37
192
613
575
207
162
202
836
149
359
731
169
418
960
1003
289
186
487
745
716
573
521
651
394
223
764
813
210
133
816
294
528
402
1023
213
652
889
868
1018
625
720
756
220
312
379
198
252
693
576
935
464
1012
14
1019
53
482
75
451
445
665
358
862
134
335
929
669
108
70
321
794
331
832
111
292
833
998
803
759
262
860
69
586
664
160
171
659
908
190
102
870
490
373
754
963
450
421
59
910
896
1040
258
647
679
798
1007
893
221
132
155
730
658
208
895
690
790
522
145
1016
631
462
1004
1031
61
370
850
430
781
656
411
90
276
206
329
564
857
97
38
566
457
54
338
1011
957
843
898
1037
518
557
76
170
323
484
444
774
404
120
268
357
950
668
766
324
466
621
293
765
534
810
500
251
499
701
351
944
547
630
726
942
127
618
708
637
473
73
336
9
478
439
925
48
272
434
27
124
163
642
105
266
846
779
922
920
855
78
622
18
483
840
760
589
17
501
194
264
471
568
899
225
991
367
8
932
179
401
923
863
709
1034
865
538
704
41
503
809
440
431
1029
395
645
561
306
420
761
319
327
273
21
515
757
475
807
946
1025
93
772
347
824
281
350
304
50
919
481
644
657
249
800
617
217
424
892
374
234
354
77
1014
632
488
33
452
866
1028
122
25
215
796
628
728
737
388
278
544
871
562
667
1021
23
838
443
958
184
157
419
828
235
507
472
848
147
85
509
465
119
941
750
988
368
403
552
820
558
300
6
890
491
45
315
905
222
697
683
682
256
837
152
1038
494
635
84
952
592
2
971
180
30
524
727
718
353
224
526
962
702
695
65
203
349
758
825
253
288
299
886
204
1024
595
540
579
937
964
230
927
1020
13
550
831
296
917
42
921
448
532
260
784
773
953
197
987
52
688
582
673
406
989
364
678
511
131
126
596
549
255
551
1000
280
799
125
565
934
185
626
116
486
742
240
461
205
854
295
344
10
47
410
841
512
712
1001
847
339
729
24
569
767
161
985
605
818
939
270
274
675
996
259
22
775
232
686
514
5
91
694
835
559
283
791
610
513
687
100
525
365
178
570
195
845
851
955
383
585
298
506
279
46
931
137
607
864
432
250
1010
416
638
16
1015
271
355
159
965
769
398
143
366
71
1033
458
641
732
956
228
978
391
602
219
1005
829
821
572
982
1
580
663
68
377
880
795
396
140
623
1013
265
703
496
244
80
106
649
753
949
110
334
317
172
918
301
516
32
138
938
714
297
151
26
620
961
783
310
277
372
636
914
508
560
926
981
608
246
844
121
248
751
216
711
201
314
243
721
681
771
715
776
433
423
983
869
858
590
15
193
4
584
736
485
606
530
474
390
541
285
614
381
352
29
839
313
523
520
778
1006
89
67
64
492
867
806
587
802
951
747
974
400
1032
571
874
284
291
128
164
28
654
340
611
103
973
1043
