456
610
384
475
486
969
81
288
52
256
161
626
1026
129
888
265
534
281
673
169
759
317
83
463
386
623
799
520
1007
591
1040
204
329
242
910
966
55
63
53
421
724
647
293
413
874
723
298
524
433
646
7
814
892
392
495
358
624
721
853
136
114
521
409
846
545
243
826
798
936
983
410
179
907
302
975
730
110
787
370
891
445
941
269
447
156
167
544
372
570
96
842
649
103
657
613
883
70
267
680
569
855
1009
536
327
348
995
530
380
1019
318
278
304
625
932
913
791
307
23
51
719
556
582
942
750
476
6
905
944
32
650
682
132
181
388
777
744
72
331
830
499
9
314
322
732
306
564
745
402
915
12
757
382
767
978
472
443
643
48
364
776
335
803
601
796
955
294
946
313
377
1041
42
810
1044
197
330
722
357
526
895
30
793
457
859
412
408
726
953
190
823
49
484
439
648
365
284
424
749
640
686
123
956
616
268
16
254
366
1008
448
138
194
808
188
259
590
848
69
660
868
35
105
511
323
584
742
557
999
820
399
333
811
816
849
924
300
611
708
369
572
543
24
508
525
585
540
609
483
130
825
1043
549
1030
514
68
19
858
2
54
320
84
157
376
210
1039
191
274
470
85
258
964
687
878
142
547
459
225
502
257
658
229
106
125
73
342
383
178
772
201
394
962
490
405
272
231
780
762
251
674
11
148
632
1035
512
1020
607
493
485
362
705
151
896
21
688
542
541
940
957
857
870
773
77
1011
598
487
602
119
1037
124
788
578
451
289
553
838
612
926
165
75
862
489
406
310
973
375
176
296
593
381
159
665
935
871
423
554
694
827
1
128
13
78
965
615
93
465
963
266
596
1029
691
354
653
498
102
587
989
27
264
987
1033
977
618
893
629
154
346
147
277
510
95
414
57
775
831
753
882
675
227
232
736
1002
270
704
248
851
115
961
887
899
765
359
59
952
972
993
509
833
261
850
885
986
801
630
25
654
875
917
1016
844
344
473
86
710
761
437
603
743
245
503
283
500
635
774
1000
655
468
1021
253
847
538
685
415
149
797
672
832
764
239
981
434
943
332
519
741
937
785
802
246
852
290
255
1028
363
223
28
921
400
321
950
374
234
492
206
171
280
818
180
515
516
1010
340
539
237
734
894
198
783
839
652
43
725
728
644
212
928
813
729
784
173
954
205
824
860
692
411
104
133
440
628
117
864
373
202
559
339
812
533
667
807
595
99
64
65
758
74
992
737
597
532
829
589
656
889
619
113
26
898
627
146
40
209
233
600
911
379
200
563
605
507
645
60
211
1022
46
614
453
316
90
876
275
552
581
140
286
930
669
560
220
903
717
622
1014
790
355
4
328
792
403
949
661
789
837
678
62
902
919
929
50
706
1005
537
869
1023
360
766
535
681
841
401
880
82
236
66
462
214
771
873
662
636
504
668
782
696
352
566
131
479
101
285
158
222
684
45
951
881
417
343
1034
985
315
740
1032
1003
968
703
319
575
252
663
287
395
925
576
238
31
1012
970
5
709
947
748
17
836
577
867
631
938
477
92
856
186
861
676
518
828
112
998
960
546
567
834
1004
555
260
699
162
425
153
250
208
1027
76
701
177
345
689
391
695
429
438
641
244
356
638
446
671
523
426
41
664
1042
428
109
513
529
431
216
299
134
933
733
326
979
494
221
420
311
608
809
418
599
189
806
573
297
160
353
389
89
207
87
482
241
497
939
872
840
195
305
325
442
100
397
984
336
282
309
471
187
698
634
295
170
385
367
574
145
794
752
580
865
387
152
517
1031
144
454
914
481
990
997
458
528
666
592
22
991
396
121
817
712
224
432
506
34
215
163
496
505
97
967
469
349
677
18
155
620
301
800
904
226
713
334
621
166
845
436
854
751
88
150
368
273
659
866
324
795
98
444
755
548
527
126
474
731
80
139
594
480
491
127
702
203
461
700
633
690
763
531
642
974
900
430
716
350
778
371
916
47
312
927
467
175
738
441
1036
604
378
196
679
863
218
877
271
945
185
980
1006
711
879
247
735
120
558
718
39
746
37
8
551
901
143
886
422
464
435
29
56
912
769
994
897
137
804
637
398
450
20
199
192
219
697
449
427
361
135
651
639
934
586
168
579
249
291
756
347
338
922
971
683
419
1015
815
988
303
781
38
931
213
1018
768
455
821
116
184
337
1024
292
276
747
183
390
1001
996
91
33
959
1038
193
15
94
1017
754
779
10
822
44
407
308
416
263
561
235
1013
843
460
67
172
693
404
341
1025
107
835
522
478
351
571
714
562
118
909
786
606
908
488
14
890
958
79
230
393
141
884
583
58
918
588
501
715
550
108
948
770
279
61
805
3
760
164
174
111
568
920
71
976
670
617
739
240
707
452
182
262
466
727
982
720
923
122
565
217
228
819
906
36
