415
345
940
3
469
964
933
44
832
355
652
680
629
794
725
835
127
802
565
178
621
553
84
705
636
431
557
400
214
146
470
80
325
909
141
174
633
227
826
781
62
751
844
352
483
57
532
738
46
427
145
952
484
713
66
476
318
274
637
347
115
892
615
235
572
784
761
712
75
72
231
489
628
871
1023
611
796
874
385
709
148
333
51
847
745
184
239
268
895
466
552
420
764
337
958
187
707
885
619
453
901
406
5
947
827
592
692
881
479
578
69
18
596
584
582
860
551
273
650
213
162
126
573
1006
534
198
246
935
906
202
819
210
720
1033
726
914
480
634
486
883
270
245
988
61
750
354
905
389
932
417
290
694
997
360
425
980
129
341
1039
998
256
622
955
86
416
814
455
397
222
17
212
951
836
299
137
1010
815
158
509
250
426
424
238
477
32
442
395
523
289
502
877
518
236
911
701
675
104
265
686
193
117
956
718
934
465
627
120
700
753
36
407
571
864
298
322
609
566
310
232
382
873
286
220
153
922
908
576
581
1001
190
1029
780
304
367
656
777
575
313
1
717
782
94
399
756
244
456
880
451
567
71
205
664
112
109
846
766
110
839
1019
503
501
209
405
119
125
946
374
662
1043
606
800
136
338
545
135
485
639
74
696
25
695
160
740
818
810
111
488
1008
542
376
957
833
293
1015
679
388
462
195
22
729
870
384
585
188
795
35
848
323
60
179
973
1042
765
691
731
593
303
29
967
849
55
363
38
527
194
884
182
447
665
327
734
866
164
1000
574
1036
83
670
433
616
737
817
429
386
457
1003
607
981
703
402
757
1016
965
196
580
446
805
540
401
43
15
763
968
769
666
673
221
492
663
13
799
855
644
570
925
645
789
183
643
391
390
482
825
122
330
974
317
73
131
261
276
16
309
598
882
1037
243
626
159
443
758
434
977
504
143
1009
857
475
813
1032
937
512
172
904
320
277
372
747
960
948
472
830
599
986
824
14
460
579
358
156
562
590
667
312
31
723
564
994
199
79
225
801
219
926
48
307
350
1007
711
100
517
655
985
218
467
171
364
329
732
28
635
546
771
812
349
699
99
808
359
687
594
541
12
984
393
505
87
175
47
867
361
27
149
339
559
612
89
91
1020
23
490
8
133
970
878
651
1018
242
85
931
831
558
677
797
215
207
811
693
563
879
305
201
464
511
6
536
58
549
600
755
697
591
768
11
646
793
858
147
508
26
176
230
67
321
331
893
966
678
913
772
630
478
269
979
928
234
907
838
971
142
248
524
776
891
77
741
668
82
78
444
200
163
989
166
88
804
1012
790
378
180
267
943
539
366
614
380
649
496
1025
978
519
260
657
452
641
671
42
939
7
70
719
40
123
613
336
379
548
387
912
733
921
963
683
285
938
152
412
990
98
538
197
654
283
653
900
748
941
995
436
762
52
872
114
332
535
927
20
785
474
550
820
226
1044
409
41
759
54
437
778
279
344
918
684
853
33
888
862
930
993
237
876
39
727
788
1038
865
461
868
302
177
103
168
586
625
319
449
328
944
4
568
828
837
497
739
373
749
493
96
917
300
1041
660
229
381
394
543
173
473
577
531
915
208
228
351
710
334
301
556
903
169
252
638
528
721
494
377
240
430
186
632
280
368
770
124
257
856
950
522
113
324
642
767
923
603
353
392
752
821
192
370
688
68
24
829
65
690
445
21
961
587
308
555
255
773
681
93
583
783
775
529
1030
754
744
919
356
730
500
561
1021
735
924
929
743
49
507
976
588
996
715
515
608
1040
463
899
510
682
792
604
216
107
19
716
498
369
403
292
165
890
920
736
157
624
418
852
284
1017
647
121
383
435
404
1013
340
154
992
525
53
189
746
128
116
326
217
423
845
263
468
495
526
674
206
262
398
185
787
348
779
97
689
602
1022
140
554
1028
962
659
295
869
803
610
702
724
439
840
841
708
601
506
440
281
875
291
438
1024
316
306
816
959
658
685
297
105
982
722
902
408
834
253
1031
170
314
271
676
138
1014
704
151
56
224
419
167
118
90
896
854
809
983
530
807
64
150
969
259
233
975
623
898
954
458
241
859
910
144
714
1011
822
936
191
669
605
413
823
945
886
499
487
521
343
342
9
806
560
34
422
863
247
987
887
597
346
471
481
448
617
411
37
537
618
949
760
889
81
916
491
63
132
266
851
972
953
544
1027
897
357
1034
211
742
513
59
459
375
50
258
203
1002
223
296
92
894
254
595
134
428
441
450
991
288
786
155
843
130
275
569
728
1005
414
516
335
106
547
640
1004
672
264
76
798
45
161
774
371
311
1035
10
272
520
251
850
432
661
631
999
791
278
315
365
30
362
95
108
396
620
589
287
101
204
706
454
249
181
842
282
139
942
294
410
102
1026
698
514
2
861
533
648
421
