1	0	2	 1.000115	 0.500057
2	1	0	 0.000000	 0.000000
3	2	0	 0.000000	 0.000000
4	3	2	 0.999496	 0.499748
5	4	1	 0.500392	 0.500392
6	5	2	 0.999666	 0.499833
7	6	2	 0.999945	 0.499972
8	7	2	 0.999988	 0.499994
9	8	2	 1.000867	 0.500434
10	9	0	 0.000000	 0.000000
11	10	2	 0.999690	 0.499845
12	11	2	 0.999985	 0.499992
13	12	2	 1.000341	 0.500171
14	13	2	 1.000288	 0.500144
15	14	2	 1.000334	 0.500167
16	15	2	 1.000330	 0.500165
17	16	2	 1.000505	 0.500253
18	17	1	 0.500324	 0.500324
19	18	2	 1.000004	 0.500002
20	19	2	 1.000004	 0.500002
21	20	2	 0.999492	 0.499746
22	21	2	 1.000146	 0.500073
23	22	2	 0.999989	 0.499994
24	23	2	 0.999476	 0.499738
25	24	2	 1.000152	 0.500076
26	25	2	 0.999705	 0.499853
27	26	2	 0.999989	 0.499994
28	27	2	 0.999989	 0.499994
29	28	2	 1.000461	 0.500230
30	29	0	 0.000000	 0.000000
31	30	2	 1.000289	 0.500144
32	31	2	 1.000533	 0.500266
33	32	2	 1.000005	 0.500003
34	33	2	 1.000814	 0.500407
35	34	2	 1.000458	 0.500229
36	35	2	 1.000092	 0.500046
37	36	2	 1.000825	 0.500413
38	37	2	 1.000463	 0.500231
39	38	2	 0.999553	 0.499776
40	39	2	 0.999947	 0.499973
41	40	2	 1.000005	 0.500002
42	41	2	 0.999947	 0.499973
43	42	2	 1.000340	 0.500170
44	43	0	 0.000000	 0.000000
45	44	1	 0.500351	 0.500351
46	45	0	 0.000000	 0.000000
47	46	2	 0.999983	 0.499992
48	47	2	 1.000303	 0.500151
49	48	2	 1.000003	 0.500002
50	49	1	 0.500371	 0.500371
51	50	0	 0.000000	 0.000000
52	51	2	 1.000006	 0.500003
53	52	2	 1.000498	 0.500249
54	53	2	 1.000006	 0.500003
55	54	2	 1.000481	 0.500241
56	55	2	 1.000827	 0.500413
57	56	0	 0.000000	 0.000000
58	57	2	 0.999676	 0.499838
59	58	1	 0.500369	 0.500369
60	59	2	 1.000480	 0.500240
61	60	1	 0.500372	 0.500372
62	61	0	 0.000000	 0.000000
63	62	2	 1.000886	 0.500443
64	63	2	 1.000832	 0.500416
65	64	2	 0.999420	 0.499710
66	65	0	 0.000000	 0.000000
67	66	2	 0.999675	 0.499837
68	67	2	 0.999418	 0.499709
69	68	1	 0.500374	 0.500374
70	69	2	 0.999945	 0.499972
71	70	2	 1.000098	 0.500049
72	71	0	 0.000000	 0.000000
73	72	2	 1.000364	 0.500182
74	73	2	 1.000159	 0.500079
75	74	0	 0.000000	 0.000000
76	75	1	 0.500380	 0.500380
77	76	2	 0.999942	 0.499971
78	77	2	 0.999942	 0.499971
79	78	2	 1.000323	 0.500162
80	79	0	 0.000000	 0.000000
81	80	2	 1.000915	 0.500457
82	81	2	 0.999943	 0.499971
83	82	2	 1.000511	 0.500255
84	83	0	 0.000000	 0.000000
85	84	2	 0.999985	 0.499993
86	85	2	 1.000596	 0.500298
87	86	2	 0.999985	 0.499992
88	87	2	 0.999943	 0.499971
89	88	2	 0.999988	 0.499994
90	89	2	 1.000861	 0.500430
91	90	2	 0.999987	 0.499993
92	91	1	 0.500375	 0.500375
93	92	2	 0.999403	 0.499701
94	93	2	 1.000101	 0.500050
95	94	0	 0.000000	 0.000000
96	95	2	 0.999552	 0.499776
97	96	2	 1.000449	 0.500225
98	97	2	 1.000005	 0.500002
99	98	2	 0.999986	 0.499993
100	99	2	 1.000266	 0.500133
101	100	0	 0.000000	 0.000000
102	101	0	 0.000000	 0.000000
103	102	2	 0.999629	 0.499815
104	103	2	 1.000446	 0.500223
105	104	2	 1.000655	 0.500327
106	105	1	 0.500288	 0.500288
107	106	2	 1.000006	 0.500003
108	107	0	 0.000000	 0.000000
109	108	2	 1.000130	 0.500065
110	109	2	 1.000131	 0.500066
111	110	2	 1.000132	 0.500066
112	111	2	 1.000133	 0.500067
113	112	2	 0.999562	 0.499781
114	113	2	 1.000002	 0.500001
115	114	0	 0.000000	 0.000000
116	115	2	 1.000390	 0.500195
117	116	2	 1.000084	 0.500042
118	117	2	 1.000632	 0.500316
119	118	2	 1.000133	 0.500066
120	119	2	 1.000084	 0.500042
121	120	2	 1.000010	 0.500005
122	121	2	 1.000287	 0.500143
123	122	2	 0.999956	 0.499978
124	123	2	 0.999578	 0.499789
125	124	2	 1.000131	 0.500066
126	125	1	 0.500262	 0.500262
127	126	0	 0.000000	 0.000000
128	127	2	 1.000356	 0.500178
129	128	2	 1.000390	 0.500195
130	129	1	 0.500247	 0.500247
131	130	2	 1.000260	 0.500130
132	131	2	 1.000599	 0.500299
133	132	2	 0.999992	 0.499996
134	133	1	 0.500257	 0.500257
135	134	2	 1.000130	 0.500065
136	135	2	 1.000128	 0.500064
137	136	2	 1.000441	 0.500221
138	137	2	 1.000655	 0.500327
139	138	0	 0.000000	 0.000000
140	139	2	 1.000397	 0.500199
141	140	0	 0.000000	 0.000000
142	141	2	 0.999744	 0.499872
143	142	2	 1.000282	 0.500141
144	143	2	 1.000741	 0.500370
145	144	0	 0.000000	 0.000000
146	145	0	 0.000000	 0.000000
147	146	2	 0.999719	 0.499860
148	147	0	 0.000000	 0.000000
149	148	2	 0.999996	 0.499998
150	149	2	 1.000733	 0.500367
151	150	2	 1.000728	 0.500364
152	151	2	 1.000003	 0.500001
153	152	2	 1.000087	 0.500044
154	153	2	 1.000447	 0.500224
155	154	1	 0.500326	 0.500326
156	155	2	 1.000293	 0.500146
157	156	2	 1.000007	 0.500003
158	157	2	 1.000534	 0.500267
159	158	2	 1.000341	 0.500171
160	159	2	 1.000150	 0.500075
161	160	1	 0.500346	 0.500346
162	161	1	 0.500353	 0.500353
163	162	2	 0.999947	 0.499974
164	163	2	 1.000483	 0.500241
165	164	2	 1.000005	 0.500002
166	165	2	 0.999945	 0.499972
167	166	2	 1.000824	 0.500412
168	167	2	 0.999524	 0.499762
169	168	2	 0.999522	 0.499761
170	169	2	 1.000849	 0.500424
171	170	2	 0.999976	 0.499988
172	171	2	 1.000308	 0.500154
173	172	2	 0.999521	 0.499760
174	173	0	 0.000000	 0.000000
175	174	2	 0.999976	 0.499988
176	175	2	 0.999661	 0.499830
177	176	2	 0.999510	 0.499755
178	177	0	 0.000000	 0.000000
179	178	2	 1.000521	 0.500261
180	179	2	 0.999940	 0.499970
181	180	0	 0.000000	 0.000000
182	181	2	 1.000511	 0.500256
183	182	2	 1.000377	 0.500189
184	183	0	 0.000000	 0.000000
185	184	2	 1.000535	 0.500268
186	185	2	 0.999381	 0.499691
187	186	0	 0.000000	 0.000000
188	187	2	 1.000528	 0.500264
189	188	2	 1.000539	 0.500269
190	189	2	 1.000107	 0.500053
191	190	2	 1.000942	 0.500471
192	191	2	 0.999376	 0.499688
193	192	2	 1.000614	 0.500307
194	193	2	 1.000515	 0.500258
195	194	2	 1.000158	 0.500079
196	195	2	 1.000376	 0.500188
197	196	2	 1.000007	 0.500003
198	197	1	 0.500402	 0.500402
199	198	2	 1.000327	 0.500164
200	199	2	 0.999939	 0.499970
201	200	2	 0.999643	 0.499822
202	201	1	 0.500404	 0.500404
203	202	1	 0.500408	 0.500408
204	203	0	 0.000000	 0.000000
205	204	2	 1.000165	 0.500082
206	205	2	 1.000544	 0.500272
207	206	2	 0.999647	 0.499823
208	207	2	 0.999488	 0.499744
209	208	2	 1.000165	 0.500082
210	209	1	 0.500402	 0.500402
211	210	1	 0.500404	 0.500404
212	211	2	 1.000626	 0.500313
213	212	1	 0.500408	 0.500408
214	213	0	 0.000000	 0.000000
215	214	2	 0.999648	 0.499824
216	215	2	 1.000004	 0.500002
217	216	2	 1.000549	 0.500275
218	217	2	 0.999979	 0.499989
219	218	2	 1.000334	 0.500167
220	219	2	 1.000103	 0.500052
221	220	2	 1.000395	 0.500197
222	221	2	 1.000631	 0.500315
223	222	1	 0.500409	 0.500409
224	223	2	 1.000916	 0.500458
225	224	2	 1.000337	 0.500169
226	225	2	 1.000006	 0.500003
227	226	0	 0.000000	 0.000000
228	227	2	 0.999479	 0.499739
229	228	2	 0.999481	 0.499741
230	229	2	 0.999642	 0.499821
231	230	0	 0.000000	 0.000000
232	231	2	 1.000106	 0.500053
233	232	2	 1.000919	 0.500460
234	233	2	 0.999640	 0.499820
235	234	0	 0.000000	 0.000000
236	235	2	 1.000636	 0.500318
237	236	2	 1.000007	 0.500004
238	237	2	 1.000637	 0.500318
239	238	0	 0.000000	 0.000000
240	239	2	 0.999362	 0.499681
241	240	2	 1.000919	 0.500460
242	241	2	 0.999976	 0.499988
243	242	2	 1.000390	 0.500195
244	243	2	 1.000104	 0.500052
245	244	1	 0.500408	 0.500408
246	245	1	 0.500409	 0.500409
247	246	2	 1.000945	 0.500473
248	247	2	 0.999941	 0.499971
249	248	0	 0.000000	 0.000000
250	249	2	 1.000613	 0.500307
251	250	0	 0.000000	 0.000000
252	251	2	 0.999393	 0.499696
253	252	2	 1.000865	 0.500433
254	253	1	 0.500394	 0.500394
255	254	2	 0.999400	 0.499700
256	255	2	 1.000606	 0.500303
257	256	2	 0.999397	 0.499698
258	257	1	 0.500391	 0.500391
259	258	2	 1.000863	 0.500432
260	259	2	 0.999942	 0.499971
261	260	2	 1.000364	 0.500182
262	261	2	 1.000513	 0.500256
263	262	2	 1.000513	 0.500256
264	263	1	 0.500389	 0.500389
265	264	2	 1.000594	 0.500297
266	265	2	 1.000909	 0.500454
267	266	2	 0.999943	 0.499972
268	267	0	 0.000000	 0.000000
269	268	2	 0.999662	 0.499831
270	269	1	 0.500380	 0.500380
271	270	2	 1.000811	 0.500406
272	271	0	 0.000000	 0.000000
273	272	1	 0.500377	 0.500377
274	273	0	 0.000000	 0.000000
275	274	1	 0.500378	 0.500378
276	275	2	 1.000359	 0.500180
277	276	2	 1.000309	 0.500154
278	277	0	 0.000000	 0.000000
279	278	2	 1.000003	 0.500001
280	279	2	 0.999424	 0.499712
281	280	2	 1.000509	 0.500254
282	281	0	 0.000000	 0.000000
283	282	2	 1.000001	 0.500001
284	283	2	 1.000010	 0.500005
285	284	2	 1.000001	 0.500000
286	285	2	 1.000109	 0.500054
287	286	0	 0.000000	 0.000000
288	287	1	 0.500365	 0.500365
289	288	2	 1.000577	 0.500289
290	289	2	 1.000572	 0.500286
291	290	2	 1.000822	 0.500411
292	291	2	 1.000009	 0.500005
293	292	2	 1.000164	 0.500082
294	293	0	 0.000000	 0.000000
295	294	2	 1.000487	 0.500244
296	295	1	 0.500339	 0.500339
297	296	2	 1.000753	 0.500377
298	297	2	 1.000095	 0.500047
299	298	2	 1.000533	 0.500266
300	299	2	 0.999557	 0.499778
301	300	2	 0.999552	 0.499776
302	301	2	 0.999561	 0.499780
303	302	2	 1.000485	 0.500242
304	303	2	 1.000095	 0.500047
305	304	2	 0.999706	 0.499853
306	305	2	 1.000749	 0.500374
307	306	2	 1.000240	 0.500120
308	307	2	 0.999514	 0.499757
309	308	2	 1.000332	 0.500166
310	309	2	 1.000088	 0.500044
311	310	0	 0.000000	 0.000000
312	311	2	 1.000276	 0.500138
313	312	2	 1.000084	 0.500042
314	313	2	 1.000694	 0.500347
315	314	0	 0.000000	 0.000000
316	315	2	 1.000721	 0.500361
317	316	2	 1.000342	 0.500171
318	317	0	 0.000000	 0.000000
319	318	2	 0.999619	 0.499810
320	319	2	 1.000248	 0.500124
321	320	2	 0.999726	 0.499863
322	321	2	 1.000081	 0.500040
323	322	2	 1.000417	 0.500208
324	323	2	 0.999504	 0.499752
325	324	0	 0.000000	 0.000000
326	325	2	 1.000439	 0.500220
327	326	2	 1.000451	 0.500226
328	327	2	 0.999588	 0.499794
329	328	2	 0.999998	 0.499999
330	329	2	 1.000324	 0.500162
331	330	2	 0.999730	 0.499865
332	331	2	 1.000006	 0.500003
333	332	0	 0.000000	 0.000000
334	333	2	 0.999594	 0.499797
335	334	1	 0.500314	 0.500314
336	335	2	 0.999955	 0.499978
337	336	0	 0.000000	 0.000000
338	337	2	 1.000147	 0.500074
339	338	2	 1.000007	 0.500003
340	339	2	 1.000443	 0.500221
341	340	2	 1.000504	 0.500252
342	341	2	 1.000767	 0.500384
343	342	2	 1.000785	 0.500392
344	343	2	 0.999998	 0.499999
345	344	0	 0.000000	 0.000000
346	345	2	 1.000787	 0.500394
347	346	0	 0.000000	 0.000000
348	347	2	 1.000481	 0.500241
349	348	2	 1.000001	 0.500000
350	349	2	 1.000306	 0.500153
351	350	2	 0.999552	 0.499776
352	351	0	 0.000000	 0.000000
353	352	2	 0.999463	 0.499732
354	353	1	 0.500343	 0.500343
355	354	0	 0.000000	 0.000000
356	355	2	 1.000006	 0.500003
357	356	1	 0.500337	 0.500337
358	357	2	 1.000307	 0.500154
359	358	2	 1.000001	 0.500000
360	359	2	 1.000547	 0.500274
361	360	2	 0.999998	 0.499999
362	361	0	 0.000000	 0.000000
363	362	2	 1.000493	 0.500246
364	363	2	 1.000002	 0.500001
365	364	0	 0.000000	 0.000000
366	365	2	 0.999945	 0.499972
367	366	2	 1.000106	 0.500053
368	367	2	 0.999434	 0.499717
369	368	2	 1.000014	 0.500007
370	369	2	 0.999435	 0.499717
371	370	1	 0.500338	 0.500338
372	371	2	 1.000333	 0.500166
373	372	2	 0.999542	 0.499771
374	373	2	 1.000169	 0.500084
375	374	1	 0.500333	 0.500333
376	375	2	 1.000164	 0.500082
377	376	2	 0.999458	 0.499729
378	377	2	 0.999947	 0.499973
379	378	2	 0.999947	 0.499974
380	379	2	 0.999947	 0.499973
381	380	2	 0.999543	 0.499772
382	381	2	 1.000103	 0.500051
383	382	2	 1.000010	 0.500005
384	383	2	 1.000516	 0.500258
385	384	0	 0.000000	 0.000000
386	385	2	 1.000496	 0.500248
387	386	2	 0.999945	 0.499972
388	387	2	 1.000168	 0.500084
389	388	1	 0.500346	 0.500346
390	389	2	 1.000364	 0.500182
391	390	2	 1.000358	 0.500179
392	391	2	 0.999454	 0.499727
393	392	2	 1.000000	 0.500000
394	393	2	 0.999557	 0.499779
395	394	2	 1.000520	 0.500260
396	395	0	 0.000000	 0.000000
397	396	2	 1.000510	 0.500255
398	397	2	 1.000467	 0.500233
399	398	2	 1.000091	 0.500045
400	399	0	 0.000000	 0.000000
401	400	2	 1.000349	 0.500174
402	401	2	 1.000459	 0.500230
403	402	2	 1.000005	 0.500003
404	403	2	 1.000466	 0.500233
405	404	2	 1.000153	 0.500077
406	405	1	 0.500335	 0.500335
407	406	2	 1.000088	 0.500044
408	407	2	 1.000770	 0.500385
409	408	2	 1.000002	 0.500001
410	409	0	 0.000000	 0.000000
411	410	2	 1.000867	 0.500433
412	411	2	 1.000002	 0.500001
413	412	2	 1.000888	 0.500444
414	413	1	 0.500381	 0.500381
415	414	0	 0.000000	 0.000000
416	415	2	 1.000621	 0.500310
417	416	1	 0.500404	 0.500404
418	417	2	 1.000015	 0.500007
419	418	2	 1.000903	 0.500451
420	419	0	 0.000000	 0.000000
421	420	0	 0.000000	 0.000000
422	421	2	 1.000946	 0.500473
423	422	2	 1.000563	 0.500282
424	423	2	 1.000637	 0.500319
425	424	2	 1.000644	 0.500322
426	425	2	 1.000645	 0.500322
427	426	0	 0.000000	 0.000000
428	427	1	 0.500411	 0.500411
429	428	2	 1.000581	 0.500291
430	429	2	 0.999331	 0.499665
431	430	0	 0.000000	 0.000000
432	431	0	 0.000000	 0.000000
433	432	2	 1.000595	 0.500298
434	433	2	 1.000377	 0.500188
435	434	2	 1.000012	 0.500006
436	435	2	 1.000001	 0.500001
437	436	2	 1.000001	 0.500001
438	437	2	 1.000985	 0.500492
439	438	2	 1.000619	 0.500309
440	439	2	 1.000617	 0.500309
441	440	1	 0.500434	 0.500434
442	441	2	 1.000684	 0.500342
443	442	2	 1.000440	 0.500220
444	443	2	 0.999933	 0.499966
445	444	2	 0.999314	 0.499657
446	445	2	 1.000433	 0.500217
447	446	2	 1.000592	 0.500296
448	447	2	 1.001028	 0.500514
449	448	2	 0.999437	 0.499719
450	449	1	 0.500441	 0.500441
451	450	2	 1.000120	 0.500060
452	451	2	 0.999933	 0.499967
453	452	0	 0.000000	 0.000000
454	453	0	 0.000000	 0.000000
455	454	2	 1.000682	 0.500341
456	455	2	 1.000121	 0.500061
457	456	2	 1.000594	 0.500297
458	457	2	 1.000983	 0.500492
459	458	1	 0.500437	 0.500437
460	459	2	 1.000371	 0.500186
461	460	2	 0.999441	 0.499720
462	461	2	 1.000191	 0.500095
463	462	2	 1.000008	 0.500004
464	463	2	 0.999619	 0.499810
465	464	2	 1.000120	 0.500060
466	465	0	 0.000000	 0.000000
467	466	2	 0.999984	 0.499992
468	467	2	 1.000602	 0.500301
469	468	0	 0.000000	 0.000000
470	469	0	 0.000000	 0.000000
471	470	2	 1.001009	 0.500505
472	471	2	 1.000374	 0.500187
473	472	2	 0.999445	 0.499722
474	473	2	 1.000004	 0.500002
475	474	2	 1.000374	 0.500187
476	475	0	 0.000000	 0.000000
477	476	2	 1.000658	 0.500329
478	477	2	 0.999630	 0.499815
479	478	1	 0.500424	 0.500424
480	479	1	 0.500426	 0.500426
481	480	2	 1.000974	 0.500487
482	481	2	 1.000422	 0.500211
483	482	0	 0.000000	 0.000000
484	483	0	 0.000000	 0.000000
485	484	2	 1.000189	 0.500094
486	485	1	 0.500410	 0.500410
487	486	2	 1.000962	 0.500481
488	487	2	 1.000197	 0.500099
489	488	0	 0.000000	 0.000000
490	489	2	 0.999996	 0.499998
491	490	2	 1.000984	 0.500492
492	491	2	 1.000440	 0.500220
493	492	2	 0.999447	 0.499724
494	493	2	 0.999328	 0.499664
495	494	2	 1.000592	 0.500296
496	495	2	 0.999933	 0.499966
497	496	2	 0.999450	 0.499725
498	497	2	 1.000015	 0.500007
499	498	2	 1.000988	 0.500494
500	499	2	 1.000015	 0.500007
501	500	2	 1.000201	 0.500100
502	501	2	 1.000651	 0.500326
503	502	2	 1.000197	 0.500099
504	503	2	 1.000365	 0.500182
505	504	2	 0.999988	 0.499994
506	505	2	 1.000581	 0.500291
507	506	2	 1.000014	 0.500007
508	507	2	 0.999637	 0.499819
509	508	2	 1.000635	 0.500318
510	509	2	 1.000013	 0.500007
511	510	2	 0.999644	 0.499822
512	511	2	 1.000354	 0.500177
513	512	1	 0.500402	 0.500402
514	513	0	 0.000000	 0.000000
515	514	2	 1.000013	 0.500006
516	515	1	 0.500404	 0.500404
517	516	2	 0.999990	 0.499995
518	517	2	 1.000635	 0.500317
519	518	2	 0.999938	 0.499969
520	519	0	 0.000000	 0.000000
521	520	2	 1.000943	 0.500471
522	521	2	 0.999365	 0.499682
523	522	2	 1.000628	 0.500314
524	523	2	 0.999938	 0.499969
525	524	2	 1.000559	 0.500280
526	525	2	 1.000556	 0.500278
527	526	2	 1.000552	 0.500276
528	527	2	 0.999370	 0.499685
529	528	2	 0.999371	 0.499685
530	529	2	 1.000896	 0.500448
531	530	2	 0.999489	 0.499745
532	531	0	 0.000000	 0.000000
533	532	0	 0.000000	 0.000000
534	533	1	 0.500397	 0.500397
535	534	2	 1.000004	 0.500002
536	535	2	 0.999659	 0.499829
537	536	2	 1.000919	 0.500460
538	537	2	 1.000003	 0.500002
539	538	2	 0.999939	 0.499969
540	539	2	 1.000402	 0.500201
541	540	2	 0.999990	 0.499995
542	541	2	 1.000183	 0.500091
543	542	2	 0.999493	 0.499746
544	543	1	 0.500390	 0.500390
545	544	2	 1.000189	 0.500095
546	545	2	 0.999993	 0.499997
547	546	1	 0.500390	 0.500390
548	547	2	 0.999938	 0.499969
549	548	2	 0.999658	 0.499829
550	549	2	 1.000003	 0.500001
551	550	1	 0.500400	 0.500400
552	551	0	 0.000000	 0.000000
553	552	0	 0.000000	 0.000000
554	553	2	 1.000555	 0.500277
555	554	2	 0.999368	 0.499684
556	555	2	 0.999480	 0.499740
557	556	0	 0.000000	 0.000000
558	557	2	 0.999652	 0.499826
559	558	2	 0.999987	 0.499994
560	559	2	 1.000933	 0.500466
561	560	2	 1.000011	 0.500005
562	561	2	 1.000340	 0.500170
563	562	2	 0.999661	 0.499831
564	563	2	 1.000339	 0.500169
565	564	0	 0.000000	 0.000000
566	565	2	 1.000111	 0.500056
567	566	2	 1.000112	 0.500056
568	567	2	 0.999494	 0.499747
569	568	1	 0.500390	 0.500390
570	569	2	 1.000398	 0.500199
571	570	2	 1.000114	 0.500057
572	571	0	 0.000000	 0.000000
573	572	1	 0.500397	 0.500397
574	573	2	 1.000547	 0.500273
575	574	2	 1.000114	 0.500057
576	575	2	 1.000114	 0.500057
577	576	2	 0.999494	 0.499747
578	577	1	 0.500397	 0.500397
579	578	2	 1.000337	 0.500169
580	579	2	 1.000388	 0.500194
581	580	2	 1.000111	 0.500056
582	581	1	 0.500396	 0.500396
583	582	2	 0.999387	 0.499694
584	583	1	 0.500393	 0.500393
585	584	2	 1.000528	 0.500264
586	585	2	 0.999489	 0.499745
587	586	2	 0.999374	 0.499687
588	587	2	 1.000011	 0.500006
589	588	0	 0.000000	 0.000000
590	589	2	 1.000331	 0.500166
591	590	2	 0.999653	 0.499826
592	591	1	 0.500399	 0.500399
593	592	2	 1.000542	 0.500271
594	593	2	 0.999986	 0.499993
595	594	1	 0.500396	 0.500396
596	595	1	 0.500401	 0.500401
597	596	2	 1.000934	 0.500467
598	597	2	 1.000399	 0.500200
599	598	2	 1.000336	 0.500168
600	599	2	 0.999654	 0.499827
601	600	2	 1.000551	 0.500275
602	601	2	 1.000551	 0.500276
603	602	2	 0.999374	 0.499687
604	603	2	 1.000012	 0.500006
605	604	2	 1.000926	 0.500463
606	605	2	 1.000183	 0.500091
607	606	2	 1.000541	 0.500271
608	607	2	 1.000012	 0.500006
609	608	2	 1.000115	 0.500058
610	609	2	 1.000550	 0.500275
611	610	0	 0.000000	 0.000000
612	611	2	 0.999985	 0.499992
613	612	2	 0.999938	 0.499969
614	613	2	 0.999938	 0.499969
615	614	0	 0.000000	 0.000000
616	615	2	 1.000544	 0.500272
617	616	2	 1.000935	 0.500467
618	617	2	 1.000934	 0.500467
619	618	0	 0.000000	 0.000000
620	619	0	 0.000000	 0.000000
621	620	0	 0.000000	 0.000000
622	621	2	 1.000627	 0.500313
623	622	2	 1.000898	 0.500449
624	623	2	 1.000013	 0.500006
625	624	2	 0.999486	 0.499743
626	625	2	 1.000405	 0.500203
627	626	2	 1.000116	 0.500058
628	627	0	 0.000000	 0.000000
629	628	0	 0.000000	 0.000000
630	629	2	 0.999648	 0.499824
631	630	0	 0.000000	 0.000000
632	631	2	 0.999376	 0.499688
633	632	0	 0.000000	 0.000000
634	633	1	 0.500401	 0.500401
635	634	2	 0.999985	 0.499992
636	635	0	 0.000000	 0.000000
637	636	0	 0.000000	 0.000000
638	637	2	 0.999368	 0.499684
639	638	2	 1.000188	 0.500094
640	639	1	 0.500395	 0.500395
641	640	2	 0.999937	 0.499969
642	641	2	 0.999374	 0.499687
643	642	2	 1.000404	 0.500202
644	643	2	 1.000400	 0.500200
645	644	2	 1.000400	 0.500200
646	645	2	 0.999656	 0.499828
647	646	2	 1.000013	 0.500006
648	647	0	 0.000000	 0.000000
649	648	2	 0.999938	 0.499969
650	649	1	 0.500391	 0.500391
651	650	2	 0.999989	 0.499994
652	651	0	 0.000000	 0.000000
653	652	2	 1.000002	 0.500001
654	653	2	 1.000002	 0.500001
655	654	2	 0.999988	 0.499994
656	655	2	 1.000111	 0.500056
657	656	2	 0.999938	 0.499969
658	657	2	 1.000881	 0.500441
659	658	2	 1.000547	 0.500273
660	659	2	 0.999489	 0.499745
661	660	0	 0.000000	 0.000000
662	661	2	 1.000191	 0.500095
663	662	2	 1.000412	 0.500206
664	663	2	 1.000190	 0.500095
665	664	2	 1.000549	 0.500274
666	665	2	 1.000407	 0.500204
667	666	2	 1.000351	 0.500176
668	667	2	 0.999937	 0.499968
669	668	2	 1.000916	 0.500458
670	669	2	 1.000549	 0.500274
671	670	2	 0.999937	 0.499969
672	671	1	 0.500383	 0.500383
673	672	2	 1.000411	 0.500206
674	673	2	 1.000552	 0.500276
675	674	2	 1.000608	 0.500304
676	675	2	 1.000881	 0.500441
677	676	2	 0.999659	 0.499829
678	677	2	 0.999660	 0.499830
679	678	2	 1.000186	 0.500093
680	679	0	 0.000000	 0.000000
681	680	2	 0.999383	 0.499691
682	681	2	 1.000013	 0.500006
683	682	2	 1.000001	 0.500000
684	683	2	 1.000001	 0.500000
685	684	2	 1.000887	 0.500444
686	685	2	 1.000613	 0.500307
687	686	2	 0.999996	 0.499998
688	687	2	 0.999385	 0.499693
689	688	2	 1.000542	 0.500271
690	689	2	 0.999380	 0.499690
691	690	2	 1.000549	 0.500275
692	691	1	 0.500395	 0.500395
693	692	2	 0.999658	 0.499829
694	693	2	 1.000613	 0.500307
695	694	2	 1.000187	 0.500093
696	695	2	 1.000187	 0.500093
697	696	2	 0.999659	 0.499830
698	697	0	 0.000000	 0.000000
699	698	2	 0.999992	 0.499996
700	699	2	 1.000111	 0.500056
701	700	2	 1.000611	 0.500305
702	701	2	 1.000548	 0.500274
703	702	2	 1.000544	 0.500272
704	703	2	 1.000888	 0.500444
705	704	0	 0.000000	 0.000000
706	705	0	 0.000000	 0.000000
707	706	0	 0.000000	 0.000000
708	707	2	 1.000549	 0.500274
709	708	0	 0.000000	 0.000000
710	709	2	 0.999488	 0.499744
711	710	2	 1.000344	 0.500172
712	711	0	 0.000000	 0.000000
713	712	0	 0.000000	 0.000000
714	713	2	 1.000926	 0.500463
715	714	2	 1.000008	 0.500004
716	715	2	 1.000008	 0.500004
717	716	2	 1.000109	 0.500055
718	717	2	 1.000109	 0.500055
719	718	2	 0.999939	 0.499970
720	719	1	 0.500397	 0.500397
721	720	2	 0.999380	 0.499690
722	721	2	 1.000896	 0.500448
723	722	2	 1.000346	 0.500173
724	723	2	 1.000558	 0.500279
725	724	0	 0.000000	 0.000000
726	725	1	 0.500402	 0.500402
727	726	2	 0.999483	 0.499741
728	727	1	 0.500398	 0.500398
729	728	2	 1.000185	 0.500092
730	729	2	 1.000009	 0.500004
731	730	2	 1.000560	 0.500280
732	731	2	 0.999989	 0.499994
733	732	2	 0.999937	 0.499968
734	733	2	 1.000558	 0.500279
735	734	2	 1.000011	 0.500005
736	735	2	 1.000010	 0.500005
737	736	2	 1.000560	 0.500280
738	737	0	 0.000000	 0.000000
739	738	2	 0.999476	 0.499738
740	739	2	 1.000184	 0.500092
741	740	2	 0.999937	 0.499969
742	741	1	 0.500397	 0.500397
743	742	2	 1.000009	 0.500004
744	743	2	 1.000010	 0.500005
745	744	0	 0.000000	 0.000000
746	745	2	 1.000558	 0.500279
747	746	2	 1.000351	 0.500175
748	747	2	 1.000002	 0.500001
749	748	2	 0.999476	 0.499738
750	749	1	 0.500407	 0.500407
751	750	0	 0.000000	 0.000000
752	751	2	 0.999354	 0.499677
753	752	2	 1.000113	 0.500057
754	753	2	 1.000009	 0.500005
755	754	2	 0.999645	 0.499823
756	755	2	 1.000110	 0.500055
757	756	2	 1.000407	 0.500203
758	757	2	 1.000349	 0.500174
759	758	2	 1.000002	 0.500001
760	759	2	 1.000945	 0.500473
761	760	0	 0.000000	 0.000000
762	761	2	 1.000002	 0.500001
763	762	2	 1.000404	 0.500202
764	763	0	 0.000000	 0.000000
765	764	2	 1.000557	 0.500278
766	765	2	 1.000182	 0.500091
767	766	2	 0.999358	 0.499679
768	767	2	 0.999643	 0.499821
769	768	2	 1.000408	 0.500204
770	769	2	 0.999356	 0.499678
771	770	2	 0.999984	 0.499992
772	771	2	 0.999643	 0.499821
773	772	2	 0.999358	 0.499679
774	773	1	 0.500406	 0.500406
775	774	2	 0.999356	 0.499678
776	775	2	 0.999937	 0.499968
777	776	2	 1.000115	 0.500058
778	777	2	 1.000004	 0.500002
779	778	2	 1.000564	 0.500282
780	779	2	 1.000116	 0.500058
781	780	0	 0.000000	 0.000000
782	781	2	 1.000117	 0.500058
783	782	2	 0.999354	 0.499677
784	783	0	 0.000000	 0.000000
785	784	2	 1.000004	 0.500002
786	785	1	 0.500404	 0.500404
787	786	2	 1.000564	 0.500282
788	787	2	 0.999482	 0.499741
789	788	2	 1.000408	 0.500204
790	789	2	 0.999938	 0.499969
791	790	0	 0.000000	 0.000000
792	791	2	 1.000013	 0.500006
793	792	2	 0.999648	 0.499824
794	793	0	 0.000000	 0.000000
795	794	2	 1.000565	 0.500282
796	795	0	 0.000000	 0.000000
797	796	2	 0.999646	 0.499823
798	797	1	 0.500404	 0.500404
799	798	2	 1.000419	 0.500209
800	799	2	 1.000192	 0.500096
801	800	2	 1.000357	 0.500179
802	801	0	 0.000000	 0.000000
803	802	2	 1.000573	 0.500287
804	803	2	 0.999936	 0.499968
805	804	2	 1.000420	 0.500210
806	805	2	 1.000965	 0.500483
807	806	2	 1.000925	 0.500462
808	807	2	 0.999989	 0.499995
809	808	2	 1.000924	 0.500462
810	809	2	 1.000195	 0.500097
811	810	2	 0.999651	 0.499825
812	811	2	 0.999994	 0.499997
813	812	2	 1.000350	 0.500175
814	813	2	 1.000624	 0.500312
815	814	2	 1.000623	 0.500312
816	815	2	 1.000903	 0.500451
817	816	2	 1.000556	 0.500278
818	817	2	 1.000188	 0.500094
819	818	1	 0.500406	 0.500406
820	819	2	 1.000003	 0.500001
821	820	2	 0.999361	 0.499680
822	821	2	 1.000945	 0.500473
823	822	2	 1.000940	 0.500470
824	823	2	 1.000351	 0.500176
825	824	2	 1.000408	 0.500204
826	825	0	 0.000000	 0.000000
827	826	1	 0.500403	 0.500403
828	827	2	 0.999477	 0.499739
829	828	2	 0.999376	 0.499688
830	829	2	 1.000342	 0.500171
831	830	2	 0.999657	 0.499828
832	831	0	 0.000000	 0.000000
833	832	2	 1.000176	 0.500088
834	833	2	 1.000872	 0.500436
835	834	0	 0.000000	 0.000000
836	835	2	 1.000609	 0.500304
837	836	2	 0.999489	 0.499744
838	837	2	 0.999649	 0.499825
839	838	2	 1.000179	 0.500090
840	839	2	 1.000564	 0.500282
841	840	2	 1.000563	 0.500281
842	841	0	 0.000000	 0.000000
843	842	1	 0.500416	 0.500416
844	843	0	 0.000000	 0.000000
845	844	2	 1.000566	 0.500283
846	845	2	 1.000165	 0.500082
847	846	0	 0.000000	 0.000000
848	847	2	 1.000531	 0.500266
849	848	2	 1.000538	 0.500269
850	849	0	 0.000000	 0.000000
851	850	2	 1.000991	 0.500496
852	851	2	 1.000005	 0.500003
853	852	2	 1.000008	 0.500004
854	853	2	 1.000967	 0.500484
855	854	2	 1.000415	 0.500207
856	855	2	 0.999350	 0.499675
857	856	2	 1.000350	 0.500175
858	857	2	 0.999627	 0.499814
859	858	2	 1.001016	 0.500508
860	859	1	 0.500434	 0.500434
861	860	0	 0.000000	 0.000000
862	861	2	 1.000005	 0.500003
863	862	2	 1.001033	 0.500516
864	863	2	 1.000125	 0.500063
865	864	2	 0.999436	 0.499718
866	865	2	 1.000618	 0.500309
867	866	2	 0.999990	 0.499995
868	867	2	 0.999412	 0.499706
869	868	2	 1.000624	 0.500312
870	869	2	 1.000616	 0.500308
871	870	0	 0.000000	 0.000000
872	871	2	 1.000008	 0.500004
873	872	2	 1.000125	 0.500062
874	873	0	 0.000000	 0.000000
875	874	2	 1.001017	 0.500508
876	875	2	 0.999431	 0.499715
877	876	2	 1.000682	 0.500341
878	877	2	 0.999967	 0.499983
879	878	2	 0.999606	 0.499803
880	879	2	 1.000109	 0.500055
881	880	1	 0.500435	 0.500435
882	881	2	 1.000400	 0.500200
883	882	1	 0.500441	 0.500441
884	883	2	 1.000545	 0.500273
885	884	0	 0.000000	 0.000000
886	885	2	 1.001072	 0.500536
887	886	2	 1.001067	 0.500533
888	887	2	 1.000014	 0.500007
889	888	2	 1.001056	 0.500528
890	889	2	 0.999997	 0.499999
891	890	2	 0.999935	 0.499967
892	891	0	 0.000000	 0.000000
893	892	2	 0.999594	 0.499797
894	893	1	 0.500482	 0.500482
895	894	0	 0.000000	 0.000000
896	895	2	 1.000992	 0.500496
897	896	1	 0.500469	 0.500469
898	897	2	 1.001061	 0.500531
899	898	2	 0.999996	 0.499998
900	899	2	 1.000019	 0.500009
901	900	1	 0.500443	 0.500443
902	901	2	 1.000951	 0.500476
903	902	2	 0.999452	 0.499726
904	903	2	 1.000352	 0.500176
905	904	1	 0.500452	 0.500452
906	905	1	 0.500448	 0.500448
907	906	2	 0.999616	 0.499808
908	907	2	 1.000114	 0.500057
909	908	0	 0.000000	 0.000000
910	909	2	 1.000949	 0.500474
911	910	2	 1.000593	 0.500296
912	911	2	 0.999945	 0.499972
913	912	2	 0.999694	 0.499847
914	913	1	 0.500340	 0.500340
915	914	2	 0.999589	 0.499794
916	915	2	 1.000730	 0.500365
917	916	2	 0.999625	 0.499813
918	917	2	 1.000008	 0.500004
919	918	2	 0.999995	 0.499998
920	919	2	 0.999997	 0.499998
921	920	2	 1.000007	 0.500003
922	921	2	 1.000075	 0.500037
923	922	2	 0.999574	 0.499787
924	923	2	 0.999996	 0.499998
925	924	2	 1.000264	 0.500132
926	925	2	 1.000229	 0.500114
927	926	2	 1.000005	 0.500003
928	927	2	 0.999744	 0.499872
929	928	2	 0.999999	 0.499999
930	929	2	 1.000006	 0.500003
931	930	2	 0.999977	 0.499989
932	931	1	 0.500290	 0.500290
933	932	0	 0.000000	 0.000000
934	933	2	 1.000077	 0.500038
935	934	1	 0.500308	 0.500308
936	935	2	 1.000738	 0.500369
937	936	2	 1.000252	 0.500126
938	937	2	 1.000006	 0.500003
939	938	2	 0.999955	 0.499977
940	939	0	 0.000000	 0.000000
941	940	2	 1.000035	 0.500017
942	941	0	 0.000000	 0.000000
943	942	2	 0.999881	 0.499941
944	943	2	 0.998935	 0.499467
945	944	2	 1.002116	 0.501058
946	945	2	 1.000304	 0.500152
947	946	1	 0.500901	 0.500901
948	947	2	 1.000640	 0.500320
949	948	2	 1.002122	 0.501061
950	949	2	 0.998650	 0.499325
951	950	2	 1.001356	 0.500678
952	951	0	 0.000000	 0.000000
953	952	2	 1.002117	 0.501058
954	953	2	 1.001933	 0.500966
955	954	2	 1.001355	 0.500678
956	955	2	 1.000218	 0.500109
957	956	2	 1.000734	 0.500367
958	957	0	 0.000000	 0.000000
959	958	2	 1.001521	 0.500760
960	959	2	 1.001040	 0.500520
961	960	2	 0.998822	 0.499411
962	961	2	 1.001267	 0.500634
963	962	2	 0.999898	 0.499949
964	963	0	 0.000000	 0.000000
965	964	2	 1.001423	 0.500712
966	965	2	 0.999358	 0.499679
967	966	2	 1.001967	 0.500983
968	967	2	 1.001559	 0.500779
969	968	2	 1.002236	 0.501118
970	969	2	 1.000364	 0.500182
971	970	2	 0.999330	 0.499665
972	971	2	 1.001971	 0.500986
973	972	2	 1.002008	 0.501004
974	973	2	 1.001555	 0.500778
975	974	2	 1.002317	 0.501158
976	975	2	 1.000214	 0.500107
977	976	2	 1.001363	 0.500682
978	977	2	 0.999830	 0.499915
979	978	2	 0.999346	 0.499673
980	979	2	 1.001525	 0.500762
981	980	2	 1.001909	 0.500955
982	981	2	 1.002251	 0.501125
983	982	2	 1.002277	 0.501139
984	983	2	 1.000348	 0.500174
985	984	2	 1.000364	 0.500182
986	985	2	 1.001295	 0.500648
987	986	2	 1.002134	 0.501067
988	987	1	 0.501039	 0.501039
989	988	2	 0.999819	 0.499909
990	989	2	 0.999919	 0.499959
991	990	1	 0.500870	 0.500870
992	991	2	 1.001751	 0.500875
993	992	2	 0.999932	 0.499966
994	993	2	 1.001296	 0.500648
995	994	2	 0.999935	 0.499968
996	995	2	 1.000256	 0.500128
997	996	2	 1.001783	 0.500892
998	997	2	 1.001840	 0.500920
999	998	0	 0.000000	 0.000000
1000	999	2	 1.002130	 0.501065
1001	1000	2	 1.000555	 0.500277
1002	1001	1	 0.500963	 0.500963
1003	1002	2	 1.002101	 0.501050
1004	1003	1	 0.500968	 0.500968
1005	1004	1	 0.500955	 0.500955
1006	1005	1	 0.501120	 0.501120
1007	1006	2	 1.001330	 0.500665
1008	1007	2	 1.000991	 0.500496
1009	1008	2	 1.001338	 0.500669
1010	1009	2	 1.001801	 0.500901
1011	1010	2	 1.002343	 0.501172
1012	1011	2	 0.999790	 0.499895
1013	1012	2	 1.001881	 0.500940
1014	1013	2	 1.002476	 0.501238
1015	1014	2	 1.000979	 0.500489
1016	1015	2	 1.001601	 0.500801
1017	1016	2	 1.000248	 0.500124
1018	1017	2	 1.000245	 0.500122
1019	1018	2	 1.001024	 0.500512
1020	1019	2	 1.000265	 0.500133
1021	1020	2	 1.000265	 0.500133
1022	1021	2	 1.001907	 0.500954
1023	1022	0	 0.000000	 0.000000
1024	1023	2	 1.002486	 0.501243
1025	1024	2	 0.999789	 0.499895
1026	1025	0	 0.000000	 0.000000
1027	1026	1	 0.500984	 0.500984
1028	1027	2	 1.001805	 0.500902
1029	1028	2	 1.000564	 0.500282
1030	1029	2	 1.000259	 0.500130
1031	1030	2	 1.002491	 0.501246
1032	1031	2	 1.001303	 0.500652
1033	1032	1	 0.501098	 0.501098
1034	1033	1	 0.500999	 0.500999
1035	1034	0	 0.000000	 0.000000
1036	1035	2	 1.002121	 0.501060
1037	1036	2	 1.001565	 0.500782
1038	1037	2	 0.998376	 0.499188
1039	1038	2	 1.001817	 0.500909
1040	1039	2	 1.000247	 0.500124
1041	1040	2	 0.998357	 0.499179
1042	1041	2	 1.002112	 0.501056
1043	1042	2	 1.000997	 0.500498
1044	1043	2	 0.999939	 0.499969
