855
424
260
503
1004
322
296
583
688
545
958
50
573
289
549
675
139
386
534
679
466
443
1026
917
343
282
660
454
686
166
108
796
462
914
577
835
665
390
952
791
176
110
135
692
398
823
727
740
969
38
879
581
726
541
435
170
762
227
755
874
200
594
174
663
664
1016
45
845
387
94
563
288
369
69
283
852
873
75
853
34
818
790
439
186
286
676
159
893
631
346
1022
828
680
341
696
666
766
942
1027
718
694
507
953
13
825
614
674
14
251
53
207
681
458
161
423
954
829
299
465
992
709
1025
336
961
869
584
535
229
353
1032
771
306
987
802
990
566
560
607
208
551
526
18
588
819
620
698
492
228
195
1008
71
55
975
567
496
901
406
107
267
41
1044
114
426
706
768
711
742
505
240
651
637
124
731
408
44
900
803
512
693
380
463
331
927
419
381
533
871
837
976
529
931
850
407
436
903
39
816
330
262
281
235
223
241
632
991
355
224
79
391
939
129
273
199
8
97
639
314
644
6
183
763
514
749
301
794
194
1014
167
636
649
191
144
93
703
481
57
189
333
710
966
591
1039
807
610
143
201
185
570
898
345
986
349
689
590
539
773
924
911
799
658
617
321
775
638
136
62
880
517
184
910
217
728
890
385
864
210
586
253
622
516
145
984
352
127
452
21
205
657
1033
397
643
713
951
844
258
334
20
264
662
719
160
22
427
151
579
653
483
497
484
707
546
641
323
309
491
340
350
1000
882
923
392
973
219
564
1021
722
745
670
177
188
957
883
294
142
602
405
112
515
499
784
393
667
125
324
455
798
619
611
54
725
461
19
181
994
317
627
557
203
836
327
781
897
111
156
68
537
814
478
447
33
328
1001
168
446
576
518
736
279
779
895
997
485
3
252
500
1036
628
582
820
256
949
544
606
433
720
250
833
46
255
359
215
418
421
585
822
1012
371
959
17
1003
760
47
209
86
513
808
971
357
138
95
881
388
1009
152
193
993
521
347
268
556
119
729
601
475
640
453
988
150
472
595
635
1023
266
977
520
4
712
320
431
106
302
812
868
479
894
542
409
746
5
105
744
90
1031
60
925
363
870
277
488
821
225
236
841
319
723
809
416
67
230
865
656
451
206
249
743
412
1042
379
612
758
1038
724
285
889
263
899
1020
960
921
930
84
101
441
558
905
646
163
884
238
202
605
494
49
891
739
705
559
1
918
402
89
133
568
87
732
642
785
752
510
678
287
233
356
72
801
98
616
342
315
157
831
489
495
955
562
1034
232
29
777
531
691
212
247
943
74
40
504
88
714
787
335
121
934
182
608
1013
113
178
140
480
793
877
695
104
307
849
857
192
153
904
761
64
410
716
198
805
155
432
344
311
338
36
580
351
561
148
116
396
906
464
1037
471
700
578
702
375
171
358
708
933
149
457
592
875
701
922
892
655
699
999
629
28
190
866
536
983
204
832
37
867
527
415
690
312
134
565
275
365
32
886
99
81
486
394
120
292
259
482
222
928
936
146
733
404
778
926
339
979
91
963
399
523
444
297
970
915
671
648
589
981
996
956
411
92
843
429
609
530
373
400
972
1011
239
213
964
66
599
141
574
623
456
164
378
246
51
56
858
634
737
65
974
257
978
654
735
295
944
476
848
813
687
487
420
48
532
615
842
738
767
772
278
982
96
603
730
902
741
672
261
384
154
501
211
854
645
117
980
180
596
332
158
477
1010
1006
61
1018
428
430
950
859
919
824
77
509
473
459
109
650
196
538
593
624
2
498
26
179
303
1007
896
175
361
269
231
647
15
137
861
389
1035
80
769
370
274
776
522
995
797
132
293
1015
434
815
786
128
856
935
908
118
885
782
440
254
12
774
912
920
63
757
938
300
449
618
272
270
508
337
448
554
368
326
9
543
916
806
395
598
377
817
226
237
374
422
126
569
115
27
442
30
553
474
998
35
862
284
946
929
827
887
169
552
313
1043
838
348
673
1040
376
765
878
417
834
414
70
630
360
218
683
147
550
245
947
754
795
872
810
948
197
985
913
1017
162
291
445
524
669
372
811
103
697
682
82
470
23
756
734
800
783
788
597
1019
450
747
467
298
16
839
851
354
290
753
764
704
625
989
1005
1041
490
305
519
438
847
59
318
382
100
187
717
863
941
58
123
413
715
633
652
502
25
604
968
668
511
860
830
310
967
684
460
31
242
525
750
276
362
506
42
1030
804
24
11
122
216
548
173
493
265
932
945
52
243
316
172
587
661
234
770
792
685
304
1029
425
78
83
748
220
73
528
547
7
437
165
10
846
221
401
626
572
468
621
907
43
383
366
403
308
677
271
214
759
659
826
76
721
940
876
575
130
780
965
85
102
325
555
789
888
280
1028
248
600
840
131
909
751
1024
367
937
329
571
962
613
364
244
1002
540
469
