1	0	2	 0.999256	 0.499628
2	1	2	 1.000005	 0.500003
3	2	2	 1.000391	 0.500196
4	3	2	 1.000806	 0.500403
5	4	2	 1.000197	 0.500098
6	5	2	 0.999384	 0.499692
7	6	1	 0.499983	 0.499983
8	7	2	 0.999404	 0.499702
9	8	2	 0.999609	 0.499804
10	9	1	 0.499985	 0.499985
11	10	1	 0.499985	 0.499985
12	11	2	 0.999627	 0.499814
13	12	1	 0.500134	 0.500134
14	13	1	 0.500133	 0.500133
15	14	2	 1.000000	 0.500000
16	15	2	 1.000345	 0.500173
17	16	2	 1.000672	 0.500336
18	17	1	 0.500127	 0.500127
19	18	2	 1.000311	 0.500156
20	19	2	 0.999576	 0.499788
21	20	2	 0.999577	 0.499788
22	21	2	 0.999717	 0.499858
23	22	2	 1.000341	 0.500171
24	23	1	 0.499986	 0.499986
25	24	2	 1.000347	 0.500173
26	25	2	 0.999997	 0.499998
27	26	2	 0.999634	 0.499817
28	27	2	 0.999584	 0.499792
29	28	2	 0.999363	 0.499682
30	29	2	 0.999633	 0.499817
31	30	2	 1.000361	 0.500181
32	31	2	 0.999579	 0.499789
33	32	2	 1.000332	 0.500166
34	33	0	 0.000000	 0.000000
35	34	2	 0.999631	 0.499816
36	35	2	 0.999027	 0.499514
37	36	2	 0.999571	 0.499785
38	37	0	 0.000000	 0.000000
39	38	2	 0.999776	 0.499888
40	39	2	 0.999017	 0.499508
41	40	2	 0.999777	 0.499889
42	41	1	 0.499987	 0.499987
43	42	1	 0.499987	 0.499987
44	43	2	 0.999777	 0.499888
45	44	0	 0.000000	 0.000000
46	45	2	 1.000339	 0.500169
47	46	2	 1.000731	 0.500366
48	47	2	 1.000996	 0.500498
49	48	2	 0.999321	 0.499661
50	49	0	 0.000000	 0.000000
51	50	2	 1.000698	 0.500349
52	51	1	 0.499985	 0.499985
53	52	1	 0.500144	 0.500144
54	53	2	 0.999671	 0.499835
55	54	2	 0.999767	 0.499884
56	55	2	 1.000682	 0.500341
57	56	2	 0.999402	 0.499701
58	57	2	 1.000390	 0.500195
59	58	2	 1.000389	 0.500194
60	59	2	 1.000188	 0.500094
61	60	2	 1.001026	 0.500513
62	61	2	 0.999509	 0.499754
63	62	2	 0.999607	 0.499803
64	63	2	 0.998970	 0.499485
65	64	2	 1.000685	 0.500343
66	65	2	 1.000685	 0.500342
67	66	2	 1.000189	 0.500094
68	67	2	 1.000358	 0.500179
69	68	0	 0.000000	 0.000000
70	69	2	 1.000391	 0.500196
71	70	2	 0.999763	 0.499881
72	71	2	 0.999315	 0.499657
73	72	1	 0.499985	 0.499985
74	73	2	 0.998957	 0.499479
75	74	0	 0.000000	 0.000000
76	75	0	 0.000000	 0.000000
77	76	2	 0.999999	 0.499999
78	77	1	 0.499983	 0.499983
79	78	2	 0.999383	 0.499692
80	79	2	 1.000000	 0.500000
81	80	2	 0.999530	 0.499765
82	81	2	 1.000402	 0.500201
83	82	1	 0.499984	 0.499984
84	83	2	 0.999285	 0.499643
85	84	0	 0.000000	 0.000000
86	85	2	 1.000790	 0.500395
87	86	2	 0.999284	 0.499642
88	87	2	 0.998928	 0.499464
89	88	2	 0.999283	 0.499641
90	89	2	 1.000194	 0.500097
91	90	2	 1.000686	 0.500343
92	91	2	 1.000704	 0.500352
93	92	2	 0.999393	 0.499697
94	93	0	 0.000000	 0.000000
95	94	2	 1.000738	 0.500369
96	95	2	 1.000971	 0.500485
97	96	2	 0.999477	 0.499738
98	97	2	 0.999401	 0.499701
99	98	2	 0.999625	 0.499813
100	99	2	 1.000319	 0.500160
101	100	2	 0.999435	 0.499717
102	101	0	 0.000000	 0.000000
103	102	2	 1.000294	 0.500147
104	103	2	 0.999198	 0.499599
105	104	2	 1.000149	 0.500075
106	105	2	 1.000602	 0.500301
107	106	2	 0.999823	 0.499911
108	107	0	 0.000000	 0.000000
109	108	2	 0.999998	 0.499999
110	109	0	 0.000000	 0.000000
111	110	2	 1.000272	 0.500136
112	111	2	 0.999759	 0.499879
113	112	2	 0.999219	 0.499609
114	113	2	 0.999825	 0.499913
115	114	2	 0.999702	 0.499851
116	115	2	 0.999211	 0.499606
117	116	2	 1.000786	 0.500393
118	117	2	 0.999998	 0.499999
119	118	2	 1.000577	 0.500289
120	119	2	 0.999661	 0.499831
121	120	2	 0.999216	 0.499608
122	121	1	 0.499984	 0.499984
123	122	2	 1.000275	 0.500138
124	123	2	 0.999833	 0.499917
125	124	2	 0.999774	 0.499887
126	125	2	 0.999709	 0.499855
127	126	2	 0.999666	 0.499833
128	127	2	 0.999994	 0.499997
129	128	2	 0.999595	 0.499797
130	129	0	 0.000000	 0.000000
131	130	0	 0.000000	 0.000000
132	131	2	 0.999998	 0.499999
133	132	2	 0.999502	 0.499751
134	133	2	 0.999682	 0.499841
135	134	0	 0.000000	 0.000000
136	135	2	 0.999640	 0.499820
137	136	2	 0.999999	 0.499999
138	137	2	 1.000605	 0.500303
139	138	0	 0.000000	 0.000000
140	139	2	 0.999193	 0.499597
141	140	2	 1.000571	 0.500285
142	141	2	 0.999741	 0.499870
143	142	2	 0.999498	 0.499749
144	143	2	 0.999491	 0.499745
145	144	2	 0.999580	 0.499790
146	145	2	 1.000615	 0.500308
147	146	2	 1.000337	 0.500168
148	147	2	 0.999102	 0.499551
149	148	2	 0.999615	 0.499808
150	149	2	 1.000672	 0.500336
151	150	2	 0.999718	 0.499859
152	151	2	 1.000665	 0.500333
153	152	2	 0.999093	 0.499547
154	153	2	 1.000908	 0.500454
155	154	2	 0.999080	 0.499540
156	155	2	 1.000328	 0.500164
157	156	2	 0.999355	 0.499678
158	157	2	 1.000950	 0.500475
159	158	0	 0.000000	 0.000000
160	159	2	 0.999693	 0.499846
161	160	1	 0.500136	 0.500136
162	161	2	 1.000371	 0.500185
163	162	2	 0.999342	 0.499671
164	163	2	 1.000674	 0.500337
165	164	1	 0.499984	 0.499984
166	165	0	 0.000000	 0.000000
167	166	2	 0.999408	 0.499704
168	167	2	 1.000362	 0.500181
169	168	2	 0.999602	 0.499801
170	169	0	 0.000000	 0.000000
171	170	2	 0.999534	 0.499767
172	171	1	 0.499985	 0.499985
173	172	1	 0.499985	 0.499985
174	173	0	 0.000000	 0.000000
175	174	2	 1.000001	 0.500000
176	175	0	 0.000000	 0.000000
177	176	2	 0.999657	 0.499829
178	177	2	 0.998913	 0.499457
179	178	2	 1.000001	 0.500000
180	179	2	 1.001076	 0.500538
181	180	2	 1.000365	 0.500183
182	181	2	 0.998929	 0.499464
183	182	2	 0.999377	 0.499689
184	183	2	 0.999486	 0.499743
185	184	2	 0.999371	 0.499685
186	185	0	 0.000000	 0.000000
187	186	2	 1.000415	 0.500207
188	187	2	 0.999650	 0.499825
189	188	2	 0.999367	 0.499683
190	189	2	 0.999516	 0.499758
191	190	2	 0.999361	 0.499681
192	191	2	 0.998889	 0.499445
193	192	2	 1.000812	 0.500406
194	193	2	 0.999365	 0.499683
195	194	1	 0.500154	 0.500154
196	195	2	 1.000002	 0.500001
197	196	2	 1.000422	 0.500211
198	197	2	 0.998887	 0.499443
199	198	2	 0.999356	 0.499678
200	199	0	 0.000000	 0.000000
201	200	2	 0.999348	 0.499674
202	201	2	 0.999259	 0.499630
203	202	2	 1.000386	 0.500193
204	203	2	 0.999506	 0.499753
205	204	2	 0.999470	 0.499735
206	205	2	 1.000204	 0.500102
207	206	1	 0.500157	 0.500157
208	207	1	 0.500158	 0.500158
209	208	2	 1.000822	 0.500411
210	209	2	 0.999474	 0.499737
211	210	2	 1.001115	 0.500558
212	211	2	 0.998874	 0.499437
213	212	2	 1.000758	 0.500379
214	213	0	 0.000000	 0.000000
215	214	2	 1.000827	 0.500414
216	215	1	 0.499983	 0.499983
217	216	2	 0.999472	 0.499736
218	217	2	 1.000427	 0.500213
219	218	2	 0.999642	 0.499821
220	219	1	 0.499984	 0.499984
221	220	1	 0.499983	 0.499983
222	221	2	 0.999502	 0.499751
223	222	2	 0.999344	 0.499672
224	223	2	 0.999345	 0.499672
225	224	2	 1.000207	 0.500104
226	225	2	 0.999566	 0.499783
227	226	0	 0.000000	 0.000000
228	227	1	 0.500160	 0.500160
229	228	1	 0.500160	 0.500160
230	229	2	 1.000208	 0.500104
231	230	2	 0.999999	 0.500000
232	231	2	 0.999244	 0.499622
233	232	2	 0.999243	 0.499621
234	233	1	 0.499984	 0.499984
235	234	2	 0.999341	 0.499670
236	235	2	 1.000208	 0.500104
237	236	2	 0.999570	 0.499785
238	237	2	 0.999244	 0.499622
239	238	2	 1.000760	 0.500380
240	239	2	 0.999742	 0.499871
241	240	2	 0.999341	 0.499670
242	241	2	 1.000435	 0.500218
243	242	1	 0.499984	 0.499984
244	243	0	 0.000000	 0.000000
245	244	2	 1.000431	 0.500215
246	245	2	 1.000753	 0.500376
247	246	2	 0.998898	 0.499449
248	247	0	 0.000000	 0.000000
249	248	2	 1.000199	 0.500100
250	249	2	 1.000377	 0.500189
251	250	1	 0.500152	 0.500152
252	251	2	 1.000374	 0.500187
253	252	2	 0.999491	 0.499745
254	253	2	 0.999598	 0.499799
255	254	2	 1.000369	 0.500185
256	255	2	 1.000373	 0.500186
257	256	2	 1.001065	 0.500532
258	257	2	 0.999498	 0.499749
259	258	2	 0.999527	 0.499764
260	259	0	 0.000000	 0.000000
261	260	2	 1.001059	 0.500530
262	261	2	 0.999759	 0.499880
263	262	2	 1.000191	 0.500096
264	263	2	 0.999498	 0.499749
265	264	1	 0.499985	 0.499985
266	265	2	 1.000777	 0.500388
267	266	2	 0.999758	 0.499879
268	267	2	 1.000772	 0.500386
269	268	2	 1.000007	 0.500003
270	269	2	 0.999608	 0.499804
271	270	0	 0.000000	 0.000000
272	271	2	 0.999612	 0.499806
273	272	2	 0.999395	 0.499698
274	273	2	 1.000003	 0.500002
275	274	2	 0.999536	 0.499768
276	275	1	 0.499985	 0.499985
277	276	2	 1.000188	 0.500094
278	277	2	 1.001032	 0.500516
279	278	2	 1.000356	 0.500178
280	279	0	 0.000000	 0.000000
281	280	2	 0.999772	 0.499886
282	281	0	 0.000000	 0.000000
283	282	0	 0.000000	 0.000000
284	283	2	 0.999594	 0.499797
285	284	2	 1.000188	 0.500094
286	285	0	 0.000000	 0.000000
287	286	2	 0.999288	 0.499644
288	287	0	 0.000000	 0.000000
289	288	0	 0.000000	 0.000000
290	289	2	 1.000374	 0.500187
291	290	2	 1.000375	 0.500188
292	291	2	 0.999569	 0.499785
293	292	2	 1.000000	 0.500000
294	293	2	 0.999687	 0.499843
295	294	2	 1.000975	 0.500487
296	295	0	 0.000000	 0.000000
297	296	2	 1.000634	 0.500317
298	297	2	 1.000354	 0.500177
299	298	1	 0.500135	 0.500135
300	299	2	 0.999624	 0.499812
301	300	2	 0.999445	 0.499723
302	301	2	 1.000170	 0.500085
303	302	2	 0.999999	 0.500000
304	303	1	 0.499982	 0.499982
305	304	2	 1.000351	 0.500175
306	305	1	 0.500133	 0.500133
307	306	2	 0.999170	 0.499585
308	307	0	 0.000000	 0.000000
309	308	2	 0.999730	 0.499865
310	309	2	 1.000310	 0.500155
311	310	2	 0.999151	 0.499576
312	311	2	 0.999624	 0.499812
313	312	2	 1.000311	 0.500155
314	313	2	 0.999506	 0.499753
315	314	2	 0.999405	 0.499703
316	315	1	 0.499983	 0.499983
317	316	2	 1.000312	 0.500156
318	317	2	 1.000327	 0.500163
319	318	2	 1.000150	 0.500075
320	319	2	 1.000625	 0.500313
321	320	2	 0.999595	 0.499798
322	321	0	 0.000000	 0.000000
323	322	2	 0.999726	 0.499863
324	323	2	 0.999719	 0.499860
325	324	0	 0.000000	 0.000000
326	325	2	 0.999662	 0.499831
327	326	2	 1.000322	 0.500161
328	327	2	 1.000311	 0.500155
329	328	0	 0.000000	 0.000000
330	329	2	 0.999806	 0.499903
331	330	2	 0.999808	 0.499904
332	331	2	 1.000892	 0.500446
333	332	2	 0.999498	 0.499749
334	333	2	 0.999593	 0.499797
335	334	2	 0.999131	 0.499565
336	335	1	 0.500128	 0.500128
337	336	2	 0.999669	 0.499834
338	337	2	 0.999132	 0.499566
339	338	2	 1.000609	 0.500304
340	339	2	 0.999728	 0.499864
341	340	0	 0.000000	 0.000000
342	341	2	 0.999371	 0.499686
343	342	0	 0.000000	 0.000000
344	343	2	 0.999041	 0.499521
345	344	2	 0.999457	 0.499728
346	345	0	 0.000000	 0.000000
347	346	2	 1.000716	 0.500358
348	347	2	 1.000348	 0.500174
349	348	2	 0.999561	 0.499780
350	349	2	 0.999703	 0.499851
351	350	2	 0.999036	 0.499518
352	351	2	 0.999566	 0.499783
353	352	1	 0.500136	 0.500136
354	353	2	 1.000348	 0.500174
355	354	2	 0.999466	 0.499733
356	355	2	 0.999358	 0.499679
357	356	2	 1.000713	 0.500357
358	357	2	 0.999591	 0.499795
359	358	2	 1.000337	 0.500169
360	359	2	 1.000356	 0.500178
361	360	2	 0.999994	 0.499997
362	361	1	 0.499979	 0.499979
363	362	2	 1.000181	 0.500091
364	363	0	 0.000000	 0.000000
365	364	2	 0.999580	 0.499790
366	365	0	 0.000000	 0.000000
367	366	0	 0.000000	 0.000000
368	367	2	 0.999601	 0.499800
369	368	0	 0.000000	 0.000000
370	369	2	 0.999992	 0.499996
371	370	2	 1.000738	 0.500369
372	371	2	 1.000357	 0.500178
373	372	2	 1.000676	 0.500338
374	373	2	 0.999616	 0.499808
375	374	2	 0.999590	 0.499795
376	375	2	 1.000347	 0.500174
377	376	2	 0.999618	 0.499809
378	377	2	 1.000651	 0.500325
379	378	2	 1.000172	 0.500086
380	379	2	 0.999794	 0.499897
381	380	2	 0.999791	 0.499895
382	381	2	 1.000362	 0.500181
383	382	0	 0.000000	 0.000000
384	383	2	 1.001018	 0.500509
385	384	2	 0.999542	 0.499771
386	385	0	 0.000000	 0.000000
387	386	0	 0.000000	 0.000000
388	387	2	 1.000719	 0.500360
389	388	2	 0.999989	 0.499995
390	389	0	 0.000000	 0.000000
391	390	2	 0.999454	 0.499727
392	391	2	 0.999701	 0.499850
393	392	2	 0.999705	 0.499853
394	393	2	 0.999597	 0.499798
395	394	2	 0.999618	 0.499809
396	395	2	 0.999041	 0.499521
397	396	2	 0.999567	 0.499784
398	397	0	 0.000000	 0.000000
399	398	2	 1.000650	 0.500325
400	399	2	 1.000645	 0.500323
401	400	1	 0.499982	 0.499982
402	401	2	 0.999375	 0.499687
403	402	0	 0.000000	 0.000000
404	403	2	 1.000651	 0.500326
405	404	2	 0.999707	 0.499853
406	405	2	 0.999791	 0.499896
407	406	2	 0.999789	 0.499894
408	407	2	 0.999787	 0.499893
409	408	2	 1.000180	 0.500090
410	409	2	 0.998989	 0.499494
411	410	2	 1.000697	 0.500348
412	411	2	 1.000190	 0.500095
413	412	2	 1.000390	 0.500195
414	413	2	 1.000396	 0.500198
415	414	2	 0.999533	 0.499767
416	415	2	 1.000201	 0.500100
417	416	2	 1.000410	 0.500205
418	417	2	 1.000832	 0.500416
419	418	2	 0.999760	 0.499880
420	419	2	 1.001132	 0.500566
421	420	2	 1.000847	 0.500424
422	421	2	 0.999560	 0.499780
423	422	1	 0.500161	 0.500161
424	423	0	 0.000000	 0.000000
425	424	1	 0.499975	 0.499975
426	425	2	 0.999750	 0.499875
427	426	2	 0.999638	 0.499819
428	427	2	 1.001158	 0.500579
429	428	2	 1.000799	 0.500400
430	429	2	 1.001183	 0.500592
431	430	2	 1.000877	 0.500439
432	431	2	 0.998798	 0.499399
433	432	2	 1.000416	 0.500208
434	433	2	 0.999993	 0.499997
435	434	0	 0.000000	 0.000000
436	435	2	 0.999729	 0.499864
437	436	1	 0.499977	 0.499977
438	437	2	 1.000452	 0.500226
439	438	0	 0.000000	 0.000000
440	439	2	 0.999519	 0.499760
441	440	2	 0.999172	 0.499586
442	441	2	 0.999524	 0.499762
443	442	0	 0.000000	 0.000000
444	443	2	 1.000815	 0.500408
445	444	2	 1.000451	 0.500225
446	445	2	 1.000421	 0.500210
447	446	2	 1.000424	 0.500212
448	447	2	 0.999530	 0.499765
449	448	2	 0.999527	 0.499764
450	449	2	 1.000462	 0.500231
451	450	2	 1.000221	 0.500111
452	451	2	 0.999431	 0.499716
453	452	2	 1.000899	 0.500449
454	453	0	 0.000000	 0.000000
455	454	2	 0.999613	 0.499806
456	455	2	 1.000830	 0.500415
457	456	2	 0.999467	 0.499734
458	457	1	 0.500171	 0.500171
459	458	2	 0.999998	 0.499999
460	459	2	 1.000459	 0.500230
461	460	2	 1.000422	 0.500211
462	461	0	 0.000000	 0.000000
463	462	2	 0.999727	 0.499863
464	463	2	 0.998782	 0.499391
465	464	1	 0.500170	 0.500170
466	465	0	 0.000000	 0.000000
467	466	2	 1.000455	 0.500227
468	467	1	 0.499980	 0.499980
469	468	0	 0.000000	 0.000000
470	469	2	 1.000446	 0.500223
471	470	2	 0.999476	 0.499738
472	471	2	 1.000895	 0.500447
473	472	2	 0.999997	 0.499998
474	473	2	 0.999532	 0.499766
475	474	2	 1.000896	 0.500448
476	475	2	 1.001195	 0.500598
477	476	2	 1.001182	 0.500591
478	477	2	 1.000414	 0.500207
479	478	2	 1.000218	 0.500109
480	479	2	 0.998804	 0.499402
481	480	2	 0.999332	 0.499666
482	481	2	 0.999501	 0.499751
483	482	2	 0.999637	 0.499819
484	483	2	 0.999638	 0.499819
485	484	2	 1.000399	 0.500199
486	485	2	 0.999504	 0.499752
487	486	2	 1.001145	 0.500572
488	487	2	 1.000215	 0.500107
489	488	2	 0.999204	 0.499602
490	489	2	 1.000439	 0.500219
491	490	2	 0.999632	 0.499816
492	491	1	 0.500167	 0.500167
493	492	1	 0.499978	 0.499978
494	493	2	 0.999191	 0.499595
495	494	2	 0.999196	 0.499598
496	495	2	 0.999735	 0.499868
497	496	2	 0.999631	 0.499815
498	497	2	 0.999995	 0.499997
499	498	2	 0.999630	 0.499815
500	499	2	 1.000413	 0.500206
501	500	2	 1.001171	 0.500586
502	501	2	 1.000436	 0.500218
503	502	0	 0.000000	 0.000000
504	503	2	 0.998821	 0.499410
505	504	2	 0.999740	 0.499870
506	505	1	 0.499980	 0.499980
507	506	1	 0.500162	 0.500162
508	507	2	 0.999551	 0.499776
509	508	2	 0.999999	 0.499999
510	509	2	 0.999225	 0.499613
511	510	2	 1.000427	 0.500213
512	511	2	 0.999747	 0.499874
513	512	2	 1.000847	 0.500423
514	513	2	 0.999354	 0.499677
515	514	2	 0.999646	 0.499823
516	515	2	 0.999471	 0.499735
517	516	2	 0.999471	 0.499735
518	517	2	 1.000396	 0.500198
519	518	2	 1.000422	 0.500211
520	519	2	 1.000839	 0.500419
521	520	2	 1.000832	 0.500416
522	521	2	 1.000000	 0.500000
523	522	2	 1.000756	 0.500378
524	523	2	 1.000418	 0.500209
525	524	2	 1.000419	 0.500210
526	525	1	 0.500158	 0.500158
527	526	2	 0.999513	 0.499756
528	527	1	 0.499981	 0.499981
529	528	2	 0.999750	 0.499875
530	529	2	 1.000751	 0.500376
531	530	2	 0.999253	 0.499626
532	531	2	 1.001101	 0.500551
533	532	2	 0.999751	 0.499876
534	533	0	 0.000000	 0.000000
535	534	1	 0.500155	 0.500155
536	535	2	 0.999524	 0.499762
537	536	2	 1.000385	 0.500192
538	537	2	 0.999999	 0.499999
539	538	2	 0.999487	 0.499744
540	539	0	 0.000000	 0.000000
541	540	0	 0.000000	 0.000000
542	541	2	 1.000198	 0.500099
543	542	2	 0.999577	 0.499788
544	543	2	 1.000388	 0.500194
545	544	0	 0.000000	 0.000000
546	545	2	 0.999654	 0.499827
547	546	1	 0.499980	 0.499980
548	547	1	 0.499980	 0.499980
549	548	0	 0.000000	 0.000000
550	549	2	 1.000408	 0.500204
551	550	1	 0.500157	 0.500157
552	551	2	 0.999569	 0.499785
553	552	2	 0.999568	 0.499784
554	553	2	 0.999567	 0.499784
555	554	0	 0.000000	 0.000000
556	555	2	 1.000833	 0.500416
557	556	2	 1.000389	 0.500195
558	557	2	 0.999243	 0.499622
559	558	2	 0.999251	 0.499626
560	559	1	 0.500156	 0.500156
561	560	2	 0.998898	 0.499449
562	561	2	 0.999257	 0.499629
563	562	0	 0.000000	 0.000000
564	563	2	 0.999655	 0.499827
565	564	2	 0.999527	 0.499763
566	565	1	 0.500153	 0.500153
567	566	2	 0.999757	 0.499878
568	567	2	 0.999260	 0.499630
569	568	2	 0.999576	 0.499788
570	569	2	 0.999372	 0.499686
571	570	0	 0.000000	 0.000000
572	571	1	 0.499981	 0.499981
573	572	0	 0.000000	 0.000000
574	573	2	 1.000743	 0.500371
575	574	0	 0.000000	 0.000000
576	575	2	 1.000385	 0.500193
577	576	0	 0.000000	 0.000000
578	577	2	 0.999522	 0.499761
579	578	2	 0.999654	 0.499827
580	579	2	 0.998911	 0.499455
581	580	0	 0.000000	 0.000000
582	581	2	 1.000382	 0.500191
583	582	0	 0.000000	 0.000000
584	583	1	 0.500152	 0.500152
585	584	2	 1.000806	 0.500403
586	585	2	 0.999479	 0.499740
587	586	1	 0.499981	 0.499981
588	587	1	 0.500154	 0.500154
589	588	2	 1.000732	 0.500366
590	589	2	 0.999486	 0.499743
591	590	2	 0.999365	 0.499683
592	591	2	 0.999517	 0.499759
593	592	2	 1.000003	 0.500001
594	593	0	 0.000000	 0.000000
595	594	2	 1.000824	 0.500412
596	595	2	 1.001101	 0.500550
597	596	2	 1.000415	 0.500207
598	597	2	 0.999576	 0.499788
599	598	2	 1.000738	 0.500369
600	599	0	 0.000000	 0.000000
601	600	2	 1.000823	 0.500412
602	601	2	 0.999650	 0.499825
603	602	2	 1.001101	 0.500550
604	603	2	 1.000415	 0.500207
605	604	2	 0.999257	 0.499629
606	605	2	 1.000386	 0.500193
607	606	1	 0.500154	 0.500154
608	607	2	 0.998884	 0.499442
609	608	2	 1.000745	 0.500373
610	609	2	 0.999365	 0.499683
611	610	2	 0.999651	 0.499826
612	611	2	 1.000202	 0.500101
613	612	0	 0.000000	 0.000000
614	613	1	 0.500155	 0.500155
615	614	2	 1.001100	 0.500550
616	615	2	 0.999252	 0.499626
617	616	2	 0.999478	 0.499739
618	617	2	 0.999576	 0.499788
619	618	2	 0.999648	 0.499824
620	619	1	 0.500156	 0.500156
621	620	1	 0.499982	 0.499982
622	621	2	 0.999474	 0.499737
623	622	2	 1.000751	 0.500376
624	623	2	 1.000000	 0.500000
625	624	2	 1.000418	 0.500209
626	625	1	 0.499982	 0.499982
627	626	2	 1.000393	 0.500196
628	627	2	 1.000390	 0.500195
629	628	2	 0.999512	 0.499756
630	629	2	 1.000416	 0.500208
631	630	0	 0.000000	 0.000000
632	631	2	 0.999363	 0.499681
633	632	2	 1.000417	 0.500208
634	633	2	 1.000746	 0.500373
635	634	2	 1.000829	 0.500414
636	635	2	 0.999358	 0.499679
637	636	2	 0.999750	 0.499875
638	637	2	 0.999476	 0.499738
639	638	2	 0.999361	 0.499680
640	639	2	 1.000829	 0.500414
641	640	2	 0.999650	 0.499825
642	641	2	 0.999247	 0.499624
643	642	2	 0.999483	 0.499741
644	643	2	 0.999367	 0.499684
645	644	2	 1.001091	 0.500546
646	645	2	 0.999255	 0.499627
647	646	2	 0.999997	 0.499999
648	647	2	 1.000746	 0.500373
649	648	2	 0.999370	 0.499685
650	649	2	 0.999997	 0.499998
651	650	2	 0.999755	 0.499877
652	651	2	 1.000407	 0.500204
653	652	2	 0.999658	 0.499829
654	653	2	 1.001076	 0.500538
655	654	2	 0.999530	 0.499765
656	655	2	 1.000198	 0.500099
657	656	2	 0.999490	 0.499745
658	657	2	 0.999489	 0.499744
659	658	0	 0.000000	 0.000000
660	659	0	 0.000000	 0.000000
661	660	1	 0.499980	 0.499980
662	661	2	 0.999483	 0.499742
663	662	0	 0.000000	 0.000000
664	663	0	 0.000000	 0.000000
665	664	0	 0.000000	 0.000000
666	665	0	 0.000000	 0.000000
667	666	2	 0.999659	 0.499830
668	667	2	 1.000409	 0.500205
669	668	2	 1.000402	 0.500201
670	669	2	 0.999660	 0.499830
671	670	2	 1.000751	 0.500376
672	671	2	 1.001092	 0.500546
673	672	2	 1.000400	 0.500200
674	673	1	 0.500154	 0.500154
675	674	0	 0.000000	 0.000000
676	675	0	 0.000000	 0.000000
677	676	0	 0.000000	 0.000000
678	677	2	 0.999256	 0.499628
679	678	0	 0.000000	 0.000000
680	679	0	 0.000000	 0.000000
681	680	1	 0.500154	 0.500154
682	681	2	 1.000402	 0.500201
683	682	2	 1.000401	 0.500200
684	683	2	 1.000403	 0.500202
685	684	1	 0.499980	 0.499980
686	685	0	 0.000000	 0.000000
687	686	2	 1.001105	 0.500553
688	687	0	 0.000000	 0.000000
689	688	2	 0.999493	 0.499746
690	689	2	 0.999525	 0.499763
691	690	2	 0.998888	 0.499444
692	691	0	 0.000000	 0.000000
693	692	2	 0.999755	 0.499878
694	693	1	 0.500156	 0.500156
695	694	2	 0.998891	 0.499446
696	695	0	 0.000000	 0.000000
697	696	2	 1.000405	 0.500202
698	697	1	 0.500156	 0.500156
699	698	2	 0.999527	 0.499764
700	699	2	 0.999526	 0.499763
701	700	2	 0.999524	 0.499762
702	701	2	 0.999524	 0.499762
703	702	2	 0.999371	 0.499686
704	703	2	 1.000410	 0.500205
705	704	2	 0.999254	 0.499627
706	705	2	 0.999754	 0.499877
707	706	2	 0.999655	 0.499828
708	707	2	 0.999521	 0.499760
709	708	1	 0.500155	 0.500155
710	709	2	 0.999364	 0.499682
711	710	2	 0.999752	 0.499876
712	711	2	 1.000823	 0.500411
713	712	2	 0.999485	 0.499743
714	713	2	 0.998890	 0.499445
715	714	2	 1.000411	 0.500205
716	715	2	 0.998890	 0.499445
717	716	2	 1.000413	 0.500207
718	717	0	 0.000000	 0.000000
719	718	2	 0.999483	 0.499742
720	719	2	 1.000383	 0.500192
721	720	0	 0.000000	 0.000000
722	721	2	 0.999651	 0.499826
723	722	2	 1.000204	 0.500102
724	723	2	 1.000206	 0.500103
725	724	2	 0.999647	 0.499823
726	725	0	 0.000000	 0.000000
727	726	0	 0.000000	 0.000000
728	727	2	 0.999472	 0.499736
729	728	2	 1.000843	 0.500422
730	729	2	 1.001128	 0.500564
731	730	2	 0.999746	 0.499873
732	731	2	 0.999236	 0.499618
733	732	2	 1.000767	 0.500383
734	733	2	 1.000416	 0.500208
735	734	2	 1.001126	 0.500563
736	735	2	 1.000395	 0.500197
737	736	2	 1.000770	 0.500385
738	737	2	 1.001127	 0.500563
739	738	2	 0.999236	 0.499618
740	739	0	 0.000000	 0.000000
741	740	2	 1.001122	 0.500561
742	741	2	 0.999748	 0.499874
743	742	2	 1.000208	 0.500104
744	743	2	 1.000209	 0.500105
745	744	2	 0.999642	 0.499821
746	745	2	 1.000208	 0.500104
747	746	2	 1.000423	 0.500211
748	747	1	 0.499981	 0.499981
749	748	2	 0.999350	 0.499675
750	749	1	 0.499981	 0.499981
751	750	0	 0.000000	 0.000000
752	751	2	 0.999225	 0.499612
753	752	2	 1.000427	 0.500214
754	753	2	 1.000423	 0.500211
755	754	0	 0.000000	 0.000000
756	755	2	 1.000419	 0.500210
757	756	2	 0.999561	 0.499780
758	757	2	 1.000208	 0.500104
759	758	0	 0.000000	 0.000000
760	759	2	 1.000832	 0.500416
761	760	2	 0.998863	 0.499431
762	761	0	 0.000000	 0.000000
763	762	2	 0.999356	 0.499678
764	763	2	 1.000424	 0.500212
765	764	2	 1.000420	 0.500210
766	765	0	 0.000000	 0.000000
767	766	2	 1.001134	 0.500567
768	767	2	 0.999744	 0.499872
769	768	2	 0.999998	 0.499999
770	769	1	 0.499982	 0.499982
771	770	1	 0.500161	 0.500161
772	771	2	 1.001130	 0.500565
773	772	2	 0.999467	 0.499733
774	773	2	 0.999560	 0.499780
775	774	2	 0.999465	 0.499733
776	775	2	 1.000000	 0.500000
777	776	2	 0.999234	 0.499617
778	777	2	 1.000759	 0.500379
779	778	2	 1.000398	 0.500199
780	779	0	 0.000000	 0.000000
781	780	2	 1.000397	 0.500198
782	781	2	 1.000000	 0.500000
783	782	2	 1.000425	 0.500213
784	783	2	 0.999642	 0.499821
785	784	2	 0.999230	 0.499615
786	785	2	 1.000000	 0.500000
787	786	2	 0.998859	 0.499430
788	787	2	 1.000416	 0.500208
789	788	0	 0.000000	 0.000000
790	789	0	 0.000000	 0.000000
791	790	0	 0.000000	 0.000000
792	791	1	 0.499980	 0.499980
793	792	2	 0.998863	 0.499432
794	793	2	 0.999350	 0.499675
795	794	2	 1.000421	 0.500211
796	795	0	 0.000000	 0.000000
797	796	2	 1.000000	 0.500000
798	797	2	 0.999641	 0.499821
799	798	2	 0.999465	 0.499733
800	799	2	 1.000424	 0.500212
801	800	2	 0.999224	 0.499612
802	801	1	 0.500162	 0.500162
803	802	2	 0.999743	 0.499871
804	803	1	 0.499980	 0.499980
805	804	2	 0.998839	 0.499420
806	805	2	 0.999554	 0.499777
807	806	2	 0.999341	 0.499670
808	807	2	 1.000852	 0.500426
809	808	2	 1.000212	 0.500106
810	809	2	 1.000426	 0.500213
811	810	2	 1.000415	 0.500208
812	811	2	 1.000209	 0.500105
813	812	2	 1.001126	 0.500563
814	813	2	 1.000391	 0.500196
815	814	2	 1.000000	 0.500000
816	815	2	 0.999749	 0.499875
817	816	2	 0.999565	 0.499783
818	817	0	 0.000000	 0.000000
819	818	1	 0.500159	 0.500159
820	819	2	 1.000396	 0.500198
821	820	2	 1.000208	 0.500104
822	821	2	 1.000843	 0.500422
823	822	0	 0.000000	 0.000000
824	823	2	 1.000000	 0.500000
825	824	1	 0.500157	 0.500157
826	825	0	 0.000000	 0.000000
827	826	2	 0.999566	 0.499783
828	827	0	 0.000000	 0.000000
829	828	1	 0.500156	 0.500156
830	829	2	 1.000410	 0.500205
831	830	2	 0.999252	 0.499626
832	831	2	 0.999527	 0.499763
833	832	2	 1.000381	 0.500191
834	833	2	 1.000407	 0.500204
835	834	0	 0.000000	 0.000000
836	835	2	 1.000378	 0.500189
837	836	2	 0.999752	 0.499876
838	837	2	 1.000422	 0.500211
839	838	2	 1.000431	 0.500216
840	839	0	 0.000000	 0.000000
841	840	2	 1.000210	 0.500105
842	841	2	 1.001143	 0.500572
843	842	2	 1.000773	 0.500387
844	843	2	 0.999463	 0.499732
845	844	0	 0.000000	 0.000000
846	845	1	 0.499984	 0.499984
847	846	2	 1.000427	 0.500213
848	847	2	 1.001128	 0.500564
849	848	2	 0.998849	 0.499424
850	849	2	 0.999736	 0.499868
851	850	2	 1.000437	 0.500219
852	851	0	 0.000000	 0.000000
853	852	0	 0.000000	 0.000000
854	853	2	 1.001191	 0.500595
855	854	0	 0.000000	 0.000000
856	855	2	 1.000002	 0.500001
857	856	2	 0.998837	 0.499419
858	857	2	 1.000795	 0.500397
859	858	2	 1.001196	 0.500598
860	859	2	 1.000450	 0.500225
861	860	2	 1.000002	 0.500001
862	861	2	 0.999532	 0.499766
863	862	2	 1.000454	 0.500227
864	863	2	 0.999422	 0.499711
865	864	2	 1.000225	 0.500113
866	865	2	 0.999456	 0.499728
867	866	2	 0.999448	 0.499724
868	867	2	 1.000232	 0.500116
869	868	1	 0.500179	 0.500179
870	869	2	 1.000232	 0.500116
871	870	2	 0.999717	 0.499859
872	871	2	 1.000475	 0.500238
873	872	0	 0.000000	 0.000000
874	873	0	 0.000000	 0.000000
875	874	2	 0.999450	 0.499725
876	875	0	 0.000000	 0.000000
877	876	2	 0.998781	 0.499391
878	877	2	 1.000469	 0.500235
879	878	0	 0.000000	 0.000000
880	879	2	 0.999428	 0.499714
881	880	2	 1.000876	 0.500438
882	881	2	 0.999604	 0.499802
883	882	2	 0.999606	 0.499803
884	883	2	 0.999217	 0.499608
885	884	2	 1.000007	 0.500003
886	885	2	 0.999454	 0.499727
887	886	2	 0.999547	 0.499774
888	887	0	 0.000000	 0.000000
889	888	2	 1.000219	 0.500109
890	889	2	 0.999416	 0.499708
891	890	2	 0.999186	 0.499593
892	891	2	 0.999436	 0.499718
893	892	0	 0.000000	 0.000000
894	893	2	 1.000227	 0.500114
895	894	2	 1.000422	 0.500211
896	895	2	 1.000011	 0.500006
897	896	2	 1.000427	 0.500213
898	897	2	 0.999244	 0.499622
899	898	2	 1.000230	 0.500115
900	899	2	 0.999713	 0.499856
901	900	2	 0.999715	 0.499857
902	901	2	 1.001165	 0.500582
903	902	2	 0.999715	 0.499857
904	903	2	 0.998767	 0.499384
905	904	2	 0.999175	 0.499588
906	905	2	 0.998778	 0.499389
907	906	1	 0.499983	 0.499983
908	907	2	 1.000007	 0.500003
909	908	0	 0.000000	 0.000000
910	909	2	 0.999476	 0.499738
911	910	2	 0.999505	 0.499753
912	911	2	 0.999619	 0.499810
913	912	2	 1.000372	 0.500186
914	913	0	 0.000000	 0.000000
915	914	2	 1.000598	 0.500299
916	915	2	 0.999674	 0.499837
917	916	0	 0.000000	 0.000000
918	917	2	 0.999488	 0.499744
919	918	2	 1.000005	 0.500003
920	919	2	 0.999716	 0.499858
921	920	2	 1.000140	 0.500070
922	921	2	 0.999660	 0.499830
923	922	2	 0.999761	 0.499880
924	923	2	 0.999646	 0.499823
925	924	2	 1.000142	 0.500071
926	925	2	 1.000506	 0.500253
927	926	2	 0.999816	 0.499908
928	927	2	 0.999651	 0.499825
929	928	2	 0.999702	 0.499851
930	929	2	 1.000145	 0.500073
931	930	2	 0.999813	 0.499906
932	931	1	 0.499988	 0.499988
933	932	2	 0.999635	 0.499817
934	933	2	 0.999143	 0.499572
935	934	2	 1.000003	 0.500002
936	935	2	 1.000570	 0.500285
937	936	0	 0.000000	 0.000000
938	937	2	 0.999688	 0.499844
939	938	2	 0.999529	 0.499765
940	939	0	 0.000000	 0.000000
941	940	2	 1.000858	 0.500429
942	941	0	 0.000000	 0.000000
943	942	2	 0.997770	 0.498885
944	943	2	 1.002359	 0.501179
945	944	1	 0.499967	 0.499967
946	945	2	 0.999150	 0.499575
947	946	2	 1.000983	 0.500492
948	947	2	 1.000962	 0.500481
949	948	2	 1.000836	 0.500418
950	949	2	 1.002374	 0.501187
951	950	2	 0.998855	 0.499428
952	951	0	 0.000000	 0.000000
953	952	1	 0.500331	 0.500331
954	953	1	 0.500332	 0.500332
955	954	2	 0.998447	 0.499224
956	955	2	 1.001529	 0.500764
957	956	2	 0.999599	 0.499800
958	957	0	 0.000000	 0.000000
959	958	2	 1.001529	 0.500765
960	959	2	 1.000381	 0.500191
961	960	1	 0.500289	 0.500289
962	961	0	 0.000000	 0.000000
963	962	2	 1.001837	 0.500918
964	963	2	 1.001938	 0.500969
965	964	0	 0.000000	 0.000000
966	965	2	 0.998681	 0.499341
967	966	2	 1.000834	 0.500417
968	967	2	 1.000815	 0.500407
969	968	0	 0.000000	 0.000000
970	969	2	 1.002255	 0.501128
971	970	2	 1.002262	 0.501131
972	971	2	 1.002295	 0.501147
973	972	2	 0.999311	 0.499656
974	973	2	 1.002785	 0.501392
975	974	2	 0.999558	 0.499779
976	975	2	 0.999571	 0.499786
977	976	2	 1.002300	 0.501150
978	977	2	 1.002841	 0.501421
979	978	2	 1.002234	 0.501117
980	979	2	 1.002856	 0.501428
981	980	2	 1.002218	 0.501109
982	981	2	 1.002829	 0.501414
983	982	2	 0.998994	 0.499497
984	983	2	 0.998846	 0.499423
985	984	2	 1.000840	 0.500420
986	985	2	 0.998797	 0.499398
987	986	1	 0.500428	 0.500428
988	987	2	 1.002401	 0.501201
989	988	2	 1.000929	 0.500464
990	989	1	 0.500433	 0.500433
991	990	2	 0.998452	 0.499226
992	991	1	 0.500429	 0.500429
993	992	2	 1.002358	 0.501179
994	993	2	 1.001169	 0.500585
995	994	2	 0.999959	 0.499979
996	995	2	 1.002292	 0.501146
997	996	2	 1.001215	 0.500607
998	997	2	 0.998619	 0.499309
999	998	2	 0.998737	 0.499369
1000	999	2	 0.999121	 0.499560
1001	1000	2	 1.001215	 0.500607
1002	1001	0	 0.000000	 0.000000
1003	1002	2	 1.002597	 0.501298
1004	1003	0	 0.000000	 0.000000
1005	1004	2	 1.001038	 0.500519
1006	1005	2	 1.003173	 0.501586
1007	1006	2	 0.999962	 0.499981
1008	1007	1	 0.500450	 0.500450
1009	1008	2	 1.002570	 0.501285
1010	1009	2	 1.003160	 0.501580
1011	1010	2	 1.002301	 0.501150
1012	1011	2	 1.002618	 0.501309
1013	1012	2	 0.996603	 0.498302
1014	1013	2	 0.998338	 0.499169
1015	1014	2	 0.999970	 0.499985
1016	1015	0	 0.000000	 0.000000
1017	1016	2	 1.000974	 0.500487
1018	1017	2	 1.003169	 0.501585
1019	1018	2	 1.000993	 0.500497
1020	1019	2	 1.000622	 0.500311
1021	1020	2	 0.999114	 0.499557
1022	1021	0	 0.000000	 0.000000
1023	1022	2	 1.002662	 0.501331
1024	1023	0	 0.000000	 0.000000
1025	1024	1	 0.500461	 0.500461
1026	1025	0	 0.000000	 0.000000
1027	1026	0	 0.000000	 0.000000
1028	1027	0	 0.000000	 0.000000
1029	1028	1	 0.499870	 0.499870
1030	1029	1	 0.499869	 0.499869
1031	1030	2	 1.000591	 0.500295
1032	1031	1	 0.500444	 0.500444
1033	1032	2	 0.998657	 0.499329
1034	1033	2	 0.997470	 0.498735
1035	1034	2	 0.999968	 0.499984
1036	1035	2	 1.001247	 0.500623
1037	1036	2	 0.998741	 0.499370
1038	1037	2	 1.000593	 0.500297
1039	1038	2	 0.998306	 0.499153
1040	1039	2	 1.000991	 0.500496
1041	1040	2	 1.001040	 0.500520
1042	1041	2	 1.000607	 0.500303
1043	1042	2	 1.000992	 0.500496
1044	1043	2	 0.999392	 0.499696
