165
524
97
55
835
158
733
306
11
357
199
83
811
1022
467
813
950
292
948
872
347
893
393
450
758
639
203
177
665
557
338
911
184
766
692
1017
231
372
385
574
1035
679
144
302
375
271
307
940
799
164
392
503
202
1019
181
783
169
198
505
580
684
780
889
455
754
855
40
244
222
974
860
612
899
494
738
1001
689
490
349
828
326
145
429
294
728
938
885
13
166
777
792
400
441
572
724
711
134
931
915
944
558
79
234
600
446
118
201
699
301
1037
929
831
93
218
620
305
74
801
681
185
875
959
690
45
1032
561
675
1039
555
1016
1003
361
35
847
887
92
776
1000
364
378
772
788
444
870
362
365
252
806
762
649
332
701
633
130
892
873
843
861
748
834
259
27
520
667
849
150
16
894
812
902
729
635
19
716
773
146
764
794
323
613
204
536
21
745
176
934
607
551
474
563
183
791
124
634
387
734
312
161
775
966
605
475
335
237
461
223
586
421
553
774
90
311
657
708
412
190
965
601
327
757
647
242
448
1004
126
225
548
182
749
951
735
68
760
125
436
404
96
442
530
946
2
1044
597
214
380
73
842
1015
188
564
642
526
350
363
652
978
498
263
139
297
78
962
340
200
417
346
956
256
722
614
261
927
533
531
826
101
706
30
622
213
874
69
769
374
814
807
816
751
546
1018
759
588
676
95
1009
154
66
497
741
337
345
718
984
796
279
901
1011
56
465
274
409
37
599
809
943
822
235
972
664
275
552
1028
703
397
976
890
825
255
715
687
858
402
180
501
381
352
486
358
818
288
250
232
593
241
57
865
1030
215
549
178
260
39
628
821
483
945
1038
737
660
477
969
370
937
440
710
290
717
12
963
967
5
514
52
868
1043
913
405
508
725
623
398
696
1008
220
53
175
170
543
71
953
850
755
585
186
151
763
876
267
264
907
988
591
695
112
646
31
957
430
47
797
535
992
152
820
265
802
627
581
823
233
389
15
1027
390
196
1036
487
651
355
116
625
712
43
67
81
128
897
60
863
7
888
131
14
997
933
677
155
462
935
886
396
578
609
403
411
422
884
24
697
857
742
1040
315
394
507
179
954
939
851
771
266
848
830
1
547
511
75
993
64
18
1002
377
891
110
926
920
472
395
115
1033
569
226
34
989
437
554
1020
371
653
433
936
761
48
257
626
313
517
883
645
589
42
928
941
523
286
661
426
329
986
210
368
316
32
209
314
84
300
458
141
230
10
107
666
318
142
348
819
23
603
550
227
739
445
704
443
207
713
618
575
525
431
451
617
869
28
1007
604
1012
795
168
730
157
91
556
786
127
632
787
208
682
173
815
414
877
212
579
584
658
310
643
334
63
72
693
662
434
485
322
342
587
838
351
912
638
359
276
674
744
3
906
924
464
452
108
862
103
541
616
506
247
995
518
1023
159
284
671
917
688
62
391
280
287
994
980
330
881
354
898
111
489
668
193
583
619
705
192
576
470
983
631
217
296
482
382
77
491
172
54
731
637
571
1005
26
59
683
246
719
386
121
388
971
308
20
513
366
650
900
952
262
624
570
49
428
768
113
153
925
680
104
566
808
319
998
914
904
133
187
970
923
803
910
698
1014
167
702
958
100
117
691
249
344
453
867
496
540
194
840
756
123
471
106
916
6
325
229
298
410
654
841
522
236
449
163
949
686
51
245
273
714
189
955
895
122
882
800
1021
568
356
567
463
991
932
656
439
528
367
610
641
673
866
947
399
9
790
608
908
87
798
836
195
515
1010
224
824
299
539
289
4
577
258
573
982
721
447
903
770
527
456
592
785
481
384
174
476
594
765
685
38
602
723
896
854
132
148
562
805
46
492
25
149
968
833
844
960
457
373
459
282
424
328
480
509
435
418
304
590
460
17
197
129
269
782
845
500
33
240
205
829
317
746
147
281
162
379
406
268
977
560
853
672
105
1029
1025
975
407
565
401
331
221
542
343
767
413
468
987
320
516
253
793
781
58
606
789
376
238
595
415
8
432
283
621
89
640
98
648
324
454
309
726
478
466
82
694
727
964
191
919
291
22
545
499
270
70
827
837
427
29
846
655
644
871
243
1024
143
521
930
114
985
99
85
804
519
596
859
720
493
878
663
120
817
700
537
582
1034
1006
512
416
909
629
65
670
753
76
880
778
419
538
918
743
88
211
905
473
973
669
534
156
996
732
921
408
999
41
272
636
425
779
295
707
981
479
239
341
360
784
1031
44
438
171
852
864
321
529
285
333
353
80
254
961
544
420
736
990
278
119
61
922
611
339
1042
102
495
484
502
160
1026
140
216
752
630
251
94
979
750
86
206
1041
423
559
277
532
383
510
856
659
109
136
615
709
598
942
1013
504
219
747
36
832
879
740
138
469
678
50
303
248
369
336
228
137
488
135
839
293
810
