1	0	2	 0.999741	 0.499870
2	1	2	 0.999770	 0.499885
3	2	2	 0.999017	 0.499508
4	3	2	 0.999725	 0.499862
5	4	2	 1.000648	 0.500324
6	5	2	 0.999804	 0.499902
7	6	2	 1.000205	 0.500103
8	7	2	 0.999543	 0.499772
9	8	2	 0.999739	 0.499869
10	9	2	 0.999111	 0.499555
11	10	0	 0.000000	 0.000000
12	11	2	 1.000585	 0.500292
13	12	0	 0.000000	 0.000000
14	13	2	 1.000189	 0.500094
15	14	2	 1.000187	 0.500094
16	15	2	 0.999626	 0.499813
17	16	2	 0.999588	 0.499794
18	17	2	 0.999783	 0.499891
19	18	2	 0.999635	 0.499818
20	19	2	 0.999879	 0.499939
21	20	2	 0.999634	 0.499817
22	21	2	 0.999607	 0.499804
23	22	2	 0.999181	 0.499591
24	23	2	 0.999776	 0.499888
25	24	2	 0.999764	 0.499882
26	25	2	 0.999875	 0.499938
27	26	2	 0.999619	 0.499810
28	27	2	 0.999149	 0.499575
29	28	2	 0.999581	 0.499791
30	29	2	 1.000164	 0.500082
31	30	2	 1.000188	 0.500094
32	31	2	 0.999142	 0.499571
33	32	2	 0.999559	 0.499779
34	33	2	 0.999763	 0.499882
35	34	1	 0.499878	 0.499878
36	35	0	 0.000000	 0.000000
37	36	2	 1.000499	 0.500250
38	37	2	 0.999755	 0.499878
39	38	2	 1.000586	 0.500293
40	39	0	 0.000000	 0.000000
41	40	1	 0.500254	 0.500254
42	41	2	 0.999129	 0.499564
43	42	2	 1.000190	 0.500095
44	43	1	 0.500252	 0.500252
45	44	1	 0.499877	 0.499877
46	45	2	 0.999754	 0.499877
47	46	2	 1.000194	 0.500097
48	47	2	 0.999108	 0.499554
49	48	2	 0.999860	 0.499930
50	49	0	 0.000000	 0.000000
51	50	2	 0.999814	 0.499907
52	51	2	 1.000618	 0.500309
53	52	2	 1.000614	 0.500307
54	53	2	 0.999658	 0.499829
55	54	0	 0.000000	 0.000000
56	55	2	 1.000525	 0.500262
57	56	2	 1.000525	 0.500263
58	57	2	 0.999542	 0.499771
59	58	2	 0.999855	 0.499928
60	59	2	 1.000195	 0.500097
61	60	1	 0.500266	 0.500266
62	61	2	 0.999653	 0.499827
63	62	2	 0.999075	 0.499538
64	63	2	 0.999745	 0.499873
65	64	2	 1.000133	 0.500066
66	65	2	 1.000173	 0.500087
67	66	2	 1.000196	 0.500098
68	67	2	 0.999787	 0.499894
69	68	2	 1.000175	 0.500087
70	69	2	 0.999540	 0.499770
71	70	2	 1.000620	 0.500310
72	71	2	 0.999079	 0.499539
73	72	2	 0.999786	 0.499893
74	73	1	 0.499867	 0.499867
75	74	2	 0.999740	 0.499870
76	75	2	 1.000139	 0.500070
77	76	2	 0.999649	 0.499824
78	77	2	 1.000186	 0.500093
79	78	1	 0.499865	 0.499865
80	79	1	 0.500278	 0.500278
81	80	2	 1.000207	 0.500103
82	81	2	 0.999530	 0.499765
83	82	0	 0.000000	 0.000000
84	83	2	 0.999044	 0.499522
85	84	2	 1.000143	 0.500072
86	85	0	 0.000000	 0.000000
87	86	2	 0.999734	 0.499867
88	87	2	 1.000144	 0.500072
89	88	2	 0.999532	 0.499766
90	89	2	 0.999783	 0.499891
91	90	2	 0.999096	 0.499548
92	91	1	 0.499867	 0.499867
93	92	1	 0.499868	 0.499868
94	93	0	 0.000000	 0.000000
95	94	2	 1.000171	 0.500085
96	95	2	 0.999798	 0.499899
97	96	0	 0.000000	 0.000000
98	97	2	 0.999607	 0.499804
99	98	2	 1.000115	 0.500058
100	99	2	 0.999889	 0.499944
101	100	2	 1.000147	 0.500073
102	101	1	 0.500220	 0.500220
103	102	2	 0.999745	 0.499873
104	103	2	 0.999899	 0.499949
105	104	2	 0.999636	 0.499818
106	105	2	 0.999853	 0.499927
107	106	2	 0.999297	 0.499648
108	107	2	 0.999750	 0.499875
109	108	0	 0.000000	 0.000000
110	109	2	 0.999816	 0.499908
111	110	2	 0.999753	 0.499876
112	111	2	 1.000161	 0.500080
113	112	2	 0.999901	 0.499951
114	113	2	 1.000107	 0.500054
115	114	2	 0.999820	 0.499910
116	115	2	 1.000162	 0.500081
117	116	2	 0.999899	 0.499950
118	117	1	 0.499905	 0.499905
119	118	1	 0.500207	 0.500207
120	119	2	 1.000112	 0.500056
121	120	2	 0.999904	 0.499952
122	121	2	 0.999856	 0.499928
123	122	2	 0.999857	 0.499928
124	123	2	 0.999700	 0.499850
125	124	2	 0.999848	 0.499924
126	125	2	 0.999849	 0.499924
127	126	2	 0.999361	 0.499681
128	127	2	 1.000150	 0.500075
129	128	2	 0.999687	 0.499843
130	129	2	 0.999713	 0.499857
131	130	2	 1.000148	 0.500074
132	131	2	 0.999813	 0.499906
133	132	2	 0.999907	 0.499954
134	133	0	 0.000000	 0.000000
135	134	0	 0.000000	 0.000000
136	135	0	 0.000000	 0.000000
137	136	0	 0.000000	 0.000000
138	137	0	 0.000000	 0.000000
139	138	2	 1.000141	 0.500071
140	139	1	 0.500212	 0.500212
141	140	2	 0.999260	 0.499630
142	141	2	 0.999262	 0.499631
143	142	2	 1.000129	 0.500065
144	143	0	 0.000000	 0.000000
145	144	0	 0.000000	 0.000000
146	145	2	 0.999634	 0.499817
147	146	2	 0.999595	 0.499798
148	147	2	 0.999773	 0.499886
149	148	2	 0.999772	 0.499886
150	149	2	 0.999633	 0.499817
151	150	2	 1.000539	 0.500269
152	151	2	 1.000178	 0.500089
153	152	2	 0.999879	 0.499940
154	153	2	 1.000156	 0.500078
155	154	2	 1.000180	 0.500090
156	155	2	 1.000132	 0.500066
157	156	2	 0.999154	 0.499577
158	157	0	 0.000000	 0.000000
159	158	2	 0.999690	 0.499845
160	159	1	 0.500254	 0.500254
161	160	2	 0.999606	 0.499803
162	161	2	 0.999551	 0.499776
163	162	2	 0.999828	 0.499914
164	163	0	 0.000000	 0.000000
165	164	0	 0.000000	 0.000000
166	165	0	 0.000000	 0.000000
167	166	2	 0.999857	 0.499929
168	167	2	 0.999073	 0.499537
169	168	0	 0.000000	 0.000000
170	169	2	 1.000628	 0.500314
171	170	1	 0.500273	 0.500273
172	171	2	 0.999650	 0.499825
173	172	2	 0.999063	 0.499531
174	173	2	 0.999734	 0.499867
175	174	2	 1.000635	 0.500318
176	175	2	 0.999563	 0.499781
177	176	0	 0.000000	 0.000000
178	177	2	 1.000556	 0.500278
179	178	2	 0.999733	 0.499866
180	179	2	 1.000555	 0.500277
181	180	0	 0.000000	 0.000000
182	181	2	 0.999780	 0.499890
183	182	2	 0.999560	 0.499780
184	183	0	 0.000000	 0.000000
185	184	1	 0.499862	 0.499862
186	185	2	 1.000656	 0.500328
187	186	2	 0.999848	 0.499924
188	187	2	 0.999774	 0.499887
189	188	2	 0.999806	 0.499903
190	189	2	 0.999773	 0.499886
191	190	2	 0.999510	 0.499755
192	191	2	 0.999636	 0.499818
193	192	2	 0.999635	 0.499817
194	193	2	 0.999810	 0.499905
195	194	2	 0.999729	 0.499864
196	195	2	 1.000204	 0.500102
197	196	2	 0.999490	 0.499745
198	197	0	 0.000000	 0.000000
199	198	0	 0.000000	 0.000000
200	199	2	 1.000188	 0.500094
201	200	1	 0.499854	 0.499854
202	201	0	 0.000000	 0.000000
203	202	0	 0.000000	 0.000000
204	203	2	 0.999539	 0.499769
205	204	2	 0.999484	 0.499742
206	205	0	 0.000000	 0.000000
207	206	2	 0.999001	 0.499501
208	207	2	 0.999003	 0.499501
209	208	2	 0.999003	 0.499501
210	209	2	 0.999004	 0.499502
211	210	2	 1.000147	 0.500073
212	211	2	 0.998999	 0.499499
213	212	2	 1.000192	 0.500096
214	213	2	 0.999770	 0.499885
215	214	2	 1.000577	 0.500289
216	215	1	 0.500294	 0.500294
217	216	2	 0.999630	 0.499815
218	217	1	 0.499857	 0.499857
219	218	0	 0.000000	 0.000000
220	219	2	 1.000668	 0.500334
221	220	2	 0.999485	 0.499742
222	221	0	 0.000000	 0.000000
223	222	2	 0.999768	 0.499884
224	223	2	 0.999717	 0.499858
225	224	2	 0.999770	 0.499885
226	225	2	 0.999720	 0.499860
227	226	2	 0.998991	 0.499495
228	227	0	 0.000000	 0.000000
229	228	2	 0.999800	 0.499900
230	229	2	 0.998986	 0.499493
231	230	0	 0.000000	 0.000000
232	231	2	 1.000583	 0.500291
233	232	2	 1.000213	 0.500107
234	233	1	 0.499854	 0.499854
235	234	2	 1.000582	 0.500291
236	235	2	 0.999803	 0.499901
237	236	2	 0.999768	 0.499884
238	237	2	 0.999488	 0.499744
239	238	1	 0.500294	 0.500294
240	239	2	 0.999477	 0.499738
241	240	2	 1.000583	 0.500291
242	241	2	 0.999765	 0.499883
243	242	2	 1.000147	 0.500073
244	243	0	 0.000000	 0.000000
245	244	2	 0.999803	 0.499902
246	245	2	 0.999838	 0.499919
247	246	2	 0.999632	 0.499816
248	247	0	 0.000000	 0.000000
249	248	2	 0.999842	 0.499921
250	249	2	 1.000557	 0.500279
251	250	0	 0.000000	 0.000000
252	251	1	 0.499860	 0.499860
253	252	2	 0.999518	 0.499759
254	253	1	 0.500276	 0.500276
255	254	2	 1.000544	 0.500272
256	255	2	 1.000179	 0.500090
257	256	2	 0.999045	 0.499522
258	257	2	 0.999737	 0.499869
259	258	2	 0.999558	 0.499779
260	259	2	 1.000639	 0.500320
261	260	2	 1.000177	 0.500088
262	261	2	 0.999848	 0.499924
263	262	2	 1.000173	 0.500087
264	263	2	 1.000628	 0.500314
265	264	2	 1.000193	 0.500097
266	265	2	 0.999735	 0.499867
267	266	2	 1.000625	 0.500312
268	267	2	 0.999508	 0.499754
269	268	2	 0.999507	 0.499754
270	269	2	 0.999533	 0.499766
271	270	0	 0.000000	 0.000000
272	271	1	 0.500266	 0.500266
273	272	2	 0.999816	 0.499908
274	273	2	 1.000536	 0.500268
275	274	2	 1.000534	 0.500267
276	275	2	 0.999079	 0.499540
277	276	0	 0.000000	 0.000000
278	277	1	 0.500273	 0.500273
279	278	2	 1.000530	 0.500265
280	279	2	 0.999672	 0.499836
281	280	2	 0.999542	 0.499771
282	281	2	 0.999541	 0.499770
283	282	2	 0.999557	 0.499778
284	283	2	 0.999676	 0.499838
285	284	1	 0.500282	 0.500282
286	285	2	 0.999082	 0.499541
287	286	2	 0.999678	 0.499839
288	287	2	 1.000530	 0.500265
289	288	2	 0.999745	 0.499873
290	289	2	 1.000600	 0.500300
291	290	2	 0.999567	 0.499783
292	291	0	 0.000000	 0.000000
293	292	0	 0.000000	 0.000000
294	293	0	 0.000000	 0.000000
295	294	1	 0.500261	 0.500261
296	295	2	 0.999691	 0.499846
297	296	2	 1.000163	 0.500081
298	297	2	 0.999828	 0.499914
299	298	2	 0.999755	 0.499878
300	299	2	 0.999147	 0.499573
301	300	1	 0.499884	 0.499884
302	301	0	 0.000000	 0.000000
303	302	0	 0.000000	 0.000000
304	303	2	 0.999595	 0.499798
305	304	1	 0.499887	 0.499887
306	305	0	 0.000000	 0.000000
307	306	0	 0.000000	 0.000000
308	307	2	 0.999888	 0.499944
309	308	2	 0.999629	 0.499814
310	309	2	 0.999250	 0.499625
311	310	2	 0.999829	 0.499914
312	311	2	 0.999647	 0.499824
313	312	2	 0.999245	 0.499623
314	313	2	 0.999236	 0.499618
315	314	2	 0.999791	 0.499895
316	315	2	 0.999209	 0.499604
317	316	2	 0.999613	 0.499807
318	317	2	 0.999210	 0.499605
319	318	2	 0.999891	 0.499946
320	319	2	 0.999618	 0.499809
321	320	1	 0.500220	 0.500220
322	321	2	 0.999262	 0.499631
323	322	2	 0.999645	 0.499823
324	323	2	 0.999608	 0.499804
325	324	2	 0.999849	 0.499924
326	325	0	 0.000000	 0.000000
327	326	2	 0.999804	 0.499902
328	327	2	 0.999604	 0.499802
329	328	2	 0.999215	 0.499608
330	329	2	 0.999720	 0.499860
331	330	2	 0.999600	 0.499800
332	331	2	 0.999626	 0.499813
333	332	1	 0.500236	 0.500236
334	333	2	 0.999232	 0.499616
335	334	2	 0.999816	 0.499908
336	335	0	 0.000000	 0.000000
337	336	2	 1.000148	 0.500074
338	337	0	 0.000000	 0.000000
339	338	1	 0.500243	 0.500243
340	339	2	 1.000157	 0.500078
341	340	1	 0.500245	 0.500245
342	341	2	 0.999188	 0.499594
343	342	2	 0.999605	 0.499802
344	343	2	 0.999820	 0.499910
345	344	2	 1.000499	 0.500250
346	345	2	 1.000170	 0.500085
347	346	0	 0.000000	 0.000000
348	347	2	 0.999152	 0.499576
349	348	0	 0.000000	 0.000000
350	349	2	 1.000170	 0.500085
351	350	2	 0.999155	 0.499577
352	351	2	 1.000487	 0.500243
353	352	1	 0.500255	 0.500255
354	353	2	 0.999705	 0.499852
355	354	2	 1.000186	 0.500093
356	355	2	 0.999827	 0.499913
357	356	0	 0.000000	 0.000000
358	357	2	 1.000498	 0.500249
359	358	2	 0.999145	 0.499573
360	359	1	 0.500265	 0.500265
361	360	1	 0.499888	 0.499888
362	361	1	 0.499882	 0.499882
363	362	2	 1.000173	 0.500087
364	363	1	 0.499881	 0.499881
365	364	1	 0.499882	 0.499882
366	365	2	 0.999879	 0.499939
367	366	2	 0.999810	 0.499905
368	367	2	 0.999116	 0.499558
369	368	0	 0.000000	 0.000000
370	369	2	 1.000601	 0.500300
371	370	2	 0.999772	 0.499886
372	371	0	 0.000000	 0.000000
373	372	2	 0.999588	 0.499794
374	373	2	 1.000173	 0.500086
375	374	0	 0.000000	 0.000000
376	375	2	 0.999594	 0.499797
377	376	2	 0.999776	 0.499888
378	377	1	 0.499888	 0.499888
379	378	2	 0.999599	 0.499799
380	379	2	 0.999807	 0.499904
381	380	2	 1.000510	 0.500255
382	381	2	 0.999697	 0.499848
383	382	0	 0.000000	 0.000000
384	383	2	 0.999742	 0.499871
385	384	0	 0.000000	 0.000000
386	385	2	 0.999880	 0.499940
387	386	2	 0.999602	 0.499801
388	387	2	 0.999883	 0.499942
389	388	2	 1.000200	 0.500100
390	389	2	 1.000196	 0.500098
391	390	2	 0.999701	 0.499850
392	391	0	 0.000000	 0.000000
393	392	0	 0.000000	 0.000000
394	393	2	 0.999775	 0.499887
395	394	2	 0.999773	 0.499886
396	395	2	 0.999772	 0.499886
397	396	2	 1.000488	 0.500244
398	397	2	 1.000564	 0.500282
399	398	2	 0.999765	 0.499882
400	399	0	 0.000000	 0.000000
401	400	2	 0.999601	 0.499801
402	401	2	 1.000481	 0.500240
403	402	2	 0.999778	 0.499889
404	403	2	 0.999813	 0.499907
405	404	2	 1.000566	 0.500283
406	405	2	 0.999585	 0.499792
407	406	2	 0.999577	 0.499788
408	407	1	 0.500247	 0.500247
409	408	2	 1.000507	 0.500254
410	409	2	 0.999818	 0.499909
411	410	2	 0.999753	 0.499876
412	411	2	 0.999785	 0.499892
413	412	2	 0.999548	 0.499774
414	413	2	 0.999058	 0.499529
415	414	2	 0.999537	 0.499768
416	415	2	 1.000164	 0.500082
417	416	2	 1.000194	 0.500097
418	417	2	 0.999515	 0.499758
419	418	2	 1.000170	 0.500085
420	419	1	 0.500310	 0.500310
421	420	2	 0.999765	 0.499882
422	421	2	 0.999737	 0.499869
423	422	0	 0.000000	 0.000000
424	423	2	 0.999508	 0.499754
425	424	1	 0.500311	 0.500311
426	425	2	 0.998979	 0.499490
427	426	2	 0.999507	 0.499753
428	427	2	 0.999851	 0.499925
429	428	0	 0.000000	 0.000000
430	429	2	 1.000236	 0.500118
431	430	2	 0.998956	 0.499478
432	431	2	 0.999490	 0.499745
433	432	2	 0.999715	 0.499858
434	433	2	 0.998941	 0.499470
435	434	2	 0.999467	 0.499733
436	435	2	 0.999751	 0.499876
437	436	2	 0.999709	 0.499855
438	437	1	 0.500325	 0.500325
439	438	2	 0.999770	 0.499885
440	439	2	 1.000740	 0.500370
441	440	0	 0.000000	 0.000000
442	441	2	 0.999748	 0.499874
443	442	2	 0.998915	 0.499457
444	443	1	 0.499852	 0.499852
445	444	2	 0.998919	 0.499459
446	445	1	 0.499851	 0.499851
447	446	2	 0.999691	 0.499846
448	447	2	 0.999750	 0.499875
449	448	2	 0.999778	 0.499889
450	449	0	 0.000000	 0.000000
451	450	2	 0.998927	 0.499464
452	451	2	 0.999607	 0.499804
453	452	2	 0.999781	 0.499891
454	453	2	 0.999464	 0.499732
455	454	0	 0.000000	 0.000000
456	455	2	 0.999688	 0.499844
457	456	2	 0.999449	 0.499725
458	457	2	 0.998916	 0.499458
459	458	2	 0.999446	 0.499723
460	459	2	 0.999447	 0.499724
461	460	2	 0.999752	 0.499876
462	461	2	 1.000237	 0.500119
463	462	2	 0.999782	 0.499891
464	463	2	 0.999607	 0.499804
465	464	2	 1.000625	 0.500312
466	465	2	 0.999471	 0.499736
467	466	0	 0.000000	 0.000000
468	467	2	 0.999474	 0.499737
469	468	0	 0.000000	 0.000000
470	469	2	 0.999613	 0.499806
471	470	2	 0.999779	 0.499890
472	471	2	 0.999711	 0.499856
473	472	2	 1.000166	 0.500083
474	473	2	 0.999513	 0.499756
475	474	2	 0.999754	 0.499877
476	475	2	 0.999693	 0.499847
477	476	2	 1.000712	 0.500356
478	477	2	 0.999485	 0.499743
479	478	1	 0.500314	 0.500314
480	479	2	 0.999468	 0.499734
481	480	2	 0.999703	 0.499851
482	481	2	 0.999634	 0.499817
483	482	2	 1.000695	 0.500347
484	483	1	 0.500307	 0.500307
485	484	2	 0.998984	 0.499492
486	485	2	 1.000592	 0.500296
487	486	2	 1.000232	 0.500116
488	487	0	 0.000000	 0.000000
489	488	2	 0.999629	 0.499815
490	489	0	 0.000000	 0.000000
491	490	2	 0.999629	 0.499815
492	491	2	 0.999695	 0.499847
493	492	2	 1.000171	 0.500086
494	493	0	 0.000000	 0.000000
495	494	1	 0.500317	 0.500317
496	495	2	 0.999780	 0.499890
497	496	2	 1.000206	 0.500103
498	497	2	 1.000206	 0.500103
499	498	2	 0.999492	 0.499746
500	499	2	 0.999475	 0.499737
501	500	2	 1.000607	 0.500304
502	501	1	 0.500315	 0.500315
503	502	0	 0.000000	 0.000000
504	503	0	 0.000000	 0.000000
505	504	0	 0.000000	 0.000000
506	505	2	 0.999629	 0.499815
507	506	2	 0.999724	 0.499862
508	507	2	 1.000695	 0.500348
509	508	2	 0.999490	 0.499745
510	509	0	 0.000000	 0.000000
511	510	2	 0.999729	 0.499864
512	511	2	 1.000164	 0.500082
513	512	2	 0.999853	 0.499927
514	513	2	 1.000678	 0.500339
515	514	2	 0.999711	 0.499856
516	515	2	 0.999510	 0.499755
517	516	2	 0.998995	 0.499498
518	517	2	 0.999640	 0.499820
519	518	2	 1.000163	 0.500081
520	519	2	 0.999542	 0.499771
521	520	2	 1.000162	 0.500081
522	521	2	 0.999793	 0.499896
523	522	2	 0.999005	 0.499502
524	523	0	 0.000000	 0.000000
525	524	2	 0.999004	 0.499502
526	525	2	 1.000191	 0.500096
527	526	2	 0.999713	 0.499857
528	527	2	 0.999794	 0.499897
529	528	1	 0.500298	 0.500298
530	529	2	 0.999771	 0.499886
531	530	2	 1.000189	 0.500095
532	531	0	 0.000000	 0.000000
533	532	2	 1.000191	 0.500095
534	533	2	 1.000156	 0.500078
535	534	2	 1.000222	 0.500111
536	535	2	 0.999557	 0.499779
537	536	2	 1.000157	 0.500078
538	537	2	 1.000155	 0.500077
539	538	2	 0.999719	 0.499859
540	539	2	 0.999797	 0.499898
541	540	2	 0.999658	 0.499829
542	541	2	 0.999514	 0.499757
543	542	2	 1.000657	 0.500329
544	543	1	 0.500298	 0.500298
545	544	2	 0.999525	 0.499763
546	545	2	 1.000191	 0.500096
547	546	2	 0.999739	 0.499870
548	547	2	 0.999773	 0.499887
549	548	2	 1.000565	 0.500283
550	549	2	 0.999018	 0.499509
551	550	2	 0.999551	 0.499776
552	551	2	 1.000572	 0.500286
553	552	2	 0.999773	 0.499886
554	553	2	 0.999735	 0.499868
555	554	1	 0.499864	 0.499864
556	555	2	 0.999005	 0.499503
557	556	0	 0.000000	 0.000000
558	557	1	 0.499864	 0.499864
559	558	0	 0.000000	 0.000000
560	559	2	 0.999500	 0.499750
561	560	1	 0.499866	 0.499866
562	561	2	 0.999720	 0.499860
563	562	2	 0.999558	 0.499779
564	563	2	 0.999776	 0.499888
565	564	2	 0.999512	 0.499756
566	565	2	 0.999858	 0.499929
567	566	2	 0.999800	 0.499900
568	567	2	 0.999799	 0.499899
569	568	2	 0.999739	 0.499870
570	569	2	 0.999857	 0.499928
571	570	2	 0.999855	 0.499927
572	571	0	 0.000000	 0.000000
573	572	2	 0.999717	 0.499859
574	573	0	 0.000000	 0.000000
575	574	2	 0.999024	 0.499512
576	575	2	 0.999649	 0.499824
577	576	2	 0.999719	 0.499860
578	577	2	 0.999740	 0.499870
579	578	2	 0.999026	 0.499513
580	579	0	 0.000000	 0.000000
581	580	2	 1.000215	 0.500107
582	581	2	 1.000152	 0.500076
583	582	2	 0.999649	 0.499825
584	583	2	 0.999038	 0.499519
585	584	2	 1.000650	 0.500325
586	585	2	 0.999770	 0.499885
587	586	2	 0.999017	 0.499508
588	587	2	 1.000184	 0.500092
589	588	2	 0.999029	 0.499514
590	589	2	 0.999498	 0.499749
591	590	2	 1.000222	 0.500111
592	591	2	 0.999716	 0.499858
593	592	2	 1.000564	 0.500282
594	593	2	 0.999717	 0.499858
595	594	2	 0.999516	 0.499758
596	595	2	 1.000157	 0.500078
597	596	2	 0.999771	 0.499886
598	597	0	 0.000000	 0.000000
599	598	2	 1.000564	 0.500282
600	599	1	 0.499864	 0.499864
601	600	2	 0.999772	 0.499886
602	601	2	 0.999714	 0.499857
603	602	2	 0.999013	 0.499506
604	603	2	 0.999018	 0.499509
605	604	2	 0.999773	 0.499887
606	605	2	 0.999518	 0.499759
607	606	2	 0.999554	 0.499777
608	607	2	 0.999714	 0.499857
609	608	2	 0.999737	 0.499868
610	609	2	 0.999796	 0.499898
611	610	1	 0.500296	 0.500296
612	611	0	 0.000000	 0.000000
613	612	2	 0.999551	 0.499775
614	613	2	 1.000187	 0.500094
615	614	0	 0.000000	 0.000000
616	615	2	 0.999643	 0.499821
617	616	2	 0.999012	 0.499506
618	617	2	 0.999013	 0.499506
619	618	2	 0.999641	 0.499820
620	619	1	 0.499863	 0.499863
621	620	2	 0.999507	 0.499754
622	621	2	 1.000190	 0.500095
623	622	2	 1.000673	 0.500337
624	623	2	 0.999851	 0.499925
625	624	2	 1.000225	 0.500113
626	625	2	 0.999004	 0.499502
627	626	2	 1.000227	 0.500113
628	627	2	 1.000668	 0.500334
629	628	2	 1.000154	 0.500077
630	629	1	 0.500298	 0.500298
631	630	2	 0.999648	 0.499824
632	631	2	 0.999017	 0.499508
633	632	2	 0.999550	 0.499775
634	633	2	 0.999548	 0.499774
635	634	2	 0.999548	 0.499774
636	635	1	 0.500298	 0.500298
637	636	2	 0.999644	 0.499822
638	637	2	 0.999007	 0.499504
639	638	0	 0.000000	 0.000000
640	639	2	 0.999516	 0.499758
641	640	2	 0.999795	 0.499897
642	641	2	 1.000190	 0.500095
643	642	2	 0.999019	 0.499509
644	643	2	 0.999521	 0.499761
645	644	2	 0.999021	 0.499511
646	645	2	 1.000223	 0.500111
647	646	2	 0.999774	 0.499887
648	647	2	 0.999522	 0.499761
649	648	1	 0.499867	 0.499867
650	649	2	 0.999859	 0.499930
651	650	2	 1.000223	 0.500112
652	651	2	 1.000188	 0.500094
653	652	2	 0.999741	 0.499870
654	653	2	 0.999799	 0.499899
655	654	2	 0.999532	 0.499766
656	655	2	 0.999800	 0.499900
657	656	2	 0.999777	 0.499888
658	657	2	 0.999027	 0.499513
659	658	0	 0.000000	 0.000000
660	659	2	 1.000662	 0.500331
661	660	2	 0.999015	 0.499507
662	661	2	 0.999016	 0.499508
663	662	2	 1.000160	 0.500080
664	663	2	 1.000564	 0.500282
665	664	0	 0.000000	 0.000000
666	665	2	 0.999026	 0.499513
667	666	2	 0.999561	 0.499781
668	667	2	 0.999653	 0.499826
669	668	2	 1.000161	 0.500080
670	669	2	 1.000158	 0.500079
671	670	2	 0.999654	 0.499827
672	671	2	 0.999516	 0.499758
673	672	2	 0.999792	 0.499896
674	673	2	 0.999026	 0.499513
675	674	1	 0.499870	 0.499870
676	675	2	 1.000191	 0.500096
677	676	2	 1.000226	 0.500113
678	677	0	 0.000000	 0.000000
679	678	0	 0.000000	 0.000000
680	679	2	 0.999861	 0.499931
681	680	1	 0.499870	 0.499870
682	681	2	 0.999026	 0.499513
683	682	2	 0.999861	 0.499930
684	683	0	 0.000000	 0.000000
685	684	2	 0.999717	 0.499858
686	685	2	 0.999793	 0.499897
687	686	2	 1.000574	 0.500287
688	687	2	 0.999658	 0.499829
689	688	0	 0.000000	 0.000000
690	689	1	 0.499868	 0.499868
691	690	2	 0.999859	 0.499929
692	691	0	 0.000000	 0.000000
693	692	2	 0.999023	 0.499511
694	693	2	 0.999524	 0.499762
695	694	2	 1.000224	 0.500112
696	695	2	 1.000663	 0.500332
697	696	2	 0.999738	 0.499869
698	697	2	 0.999858	 0.499929
699	698	1	 0.499867	 0.499867
700	699	2	 1.000156	 0.500078
701	700	2	 0.999557	 0.499778
702	701	2	 0.999858	 0.499929
703	702	2	 1.000567	 0.500284
704	703	2	 0.999021	 0.499511
705	704	2	 0.999647	 0.499823
706	705	2	 1.000193	 0.500096
707	706	1	 0.500292	 0.500292
708	707	2	 0.999775	 0.499887
709	708	0	 0.000000	 0.000000
710	709	2	 1.000664	 0.500332
711	710	0	 0.000000	 0.000000
712	711	2	 1.000225	 0.500112
713	712	2	 0.999020	 0.499510
714	713	2	 0.999797	 0.499899
715	714	2	 1.000565	 0.500282
716	715	2	 0.999552	 0.499776
717	716	2	 1.000661	 0.500330
718	717	2	 1.000567	 0.500283
719	718	2	 0.999852	 0.499926
720	719	2	 1.000150	 0.500075
721	720	2	 0.999720	 0.499860
722	721	2	 1.000193	 0.500097
723	722	2	 0.999717	 0.499858
724	723	0	 0.000000	 0.000000
725	724	2	 1.000672	 0.500336
726	725	2	 0.999510	 0.499755
727	726	2	 0.999511	 0.499755
728	727	0	 0.000000	 0.000000
729	728	2	 0.999540	 0.499770
730	729	2	 0.998993	 0.499497
731	730	2	 0.999636	 0.499818
732	731	2	 1.000157	 0.500078
733	732	0	 0.000000	 0.000000
734	733	2	 0.999547	 0.499773
735	734	2	 0.999770	 0.499885
736	735	1	 0.500302	 0.500302
737	736	2	 1.000682	 0.500341
738	737	0	 0.000000	 0.000000
739	738	2	 0.998993	 0.499497
740	739	0	 0.000000	 0.000000
741	740	2	 1.000195	 0.500098
742	741	2	 0.999729	 0.499864
743	742	2	 1.000156	 0.500078
744	743	2	 0.998993	 0.499496
745	744	2	 0.999540	 0.499770
746	745	2	 0.999493	 0.499747
747	746	0	 0.000000	 0.000000
748	747	2	 0.999544	 0.499772
749	748	2	 0.999770	 0.499885
750	749	0	 0.000000	 0.000000
751	750	2	 1.000199	 0.500099
752	751	1	 0.500304	 0.500304
753	752	2	 1.000158	 0.500079
754	753	0	 0.000000	 0.000000
755	754	2	 1.000682	 0.500341
756	755	2	 0.999794	 0.499897
757	756	2	 0.999771	 0.499885
758	757	0	 0.000000	 0.000000
759	758	2	 1.000196	 0.500098
760	759	2	 0.999772	 0.499886
761	760	2	 0.998992	 0.499496
762	761	1	 0.499862	 0.499862
763	762	2	 1.000672	 0.500336
764	763	2	 0.999545	 0.499773
765	764	2	 0.999713	 0.499856
766	765	0	 0.000000	 0.000000
767	766	2	 0.999506	 0.499753
768	767	2	 0.999847	 0.499923
769	768	2	 1.000196	 0.500098
770	769	2	 0.999709	 0.499855
771	770	2	 0.999722	 0.499861
772	771	1	 0.499861	 0.499861
773	772	2	 0.999540	 0.499770
774	773	2	 0.999766	 0.499883
775	774	2	 0.999538	 0.499769
776	775	1	 0.499861	 0.499861
777	776	0	 0.000000	 0.000000
778	777	2	 1.000158	 0.500079
779	778	1	 0.500303	 0.500303
780	779	0	 0.000000	 0.000000
781	780	2	 0.999507	 0.499754
782	781	2	 0.999487	 0.499743
783	782	0	 0.000000	 0.000000
784	783	1	 0.500305	 0.500305
785	784	2	 0.999706	 0.499853
786	785	2	 0.998991	 0.499495
787	786	2	 0.998994	 0.499497
788	787	1	 0.499864	 0.499864
789	788	2	 0.999513	 0.499757
790	789	2	 0.999713	 0.499856
791	790	2	 0.999545	 0.499773
792	791	0	 0.000000	 0.000000
793	792	2	 0.999513	 0.499756
794	793	2	 0.999543	 0.499771
795	794	2	 0.998990	 0.499495
796	795	2	 1.000584	 0.500292
797	796	2	 1.000227	 0.500113
798	797	2	 0.999706	 0.499853
799	798	0	 0.000000	 0.000000
800	799	2	 0.999789	 0.499894
801	800	1	 0.499861	 0.499861
802	801	2	 1.000234	 0.500117
803	802	2	 0.999849	 0.499924
804	803	2	 1.000165	 0.500082
805	804	2	 0.999704	 0.499852
806	805	1	 0.499860	 0.499860
807	806	2	 1.000198	 0.500099
808	807	2	 0.999848	 0.499924
809	808	2	 1.000592	 0.500296
810	809	0	 0.000000	 0.000000
811	810	0	 0.000000	 0.000000
812	811	2	 0.999544	 0.499772
813	812	0	 0.000000	 0.000000
814	813	2	 1.000192	 0.500096
815	814	2	 0.999007	 0.499504
816	815	2	 1.000193	 0.500096
817	816	2	 1.000160	 0.500080
818	817	2	 1.000583	 0.500291
819	818	2	 0.998993	 0.499496
820	819	2	 1.000229	 0.500115
821	820	2	 1.000679	 0.500339
822	821	2	 1.000583	 0.500291
823	822	2	 1.000229	 0.500114
824	823	2	 0.999711	 0.499856
825	824	2	 1.000576	 0.500288
826	825	2	 1.000193	 0.500096
827	826	2	 0.999517	 0.499759
828	827	0	 0.000000	 0.000000
829	828	2	 0.999510	 0.499755
830	829	2	 0.999739	 0.499869
831	830	1	 0.499863	 0.499863
832	831	0	 0.000000	 0.000000
833	832	2	 0.999507	 0.499753
834	833	2	 0.999556	 0.499778
835	834	0	 0.000000	 0.000000
836	835	2	 0.999726	 0.499863
837	836	2	 0.999514	 0.499757
838	837	2	 0.999009	 0.499504
839	838	0	 0.000000	 0.000000
840	839	2	 0.999794	 0.499897
841	840	2	 0.999794	 0.499897
842	841	2	 0.999765	 0.499883
843	842	2	 0.999528	 0.499764
844	843	2	 0.999476	 0.499738
845	844	2	 0.999456	 0.499728
846	845	2	 0.999481	 0.499740
847	846	1	 0.499853	 0.499853
848	847	2	 0.999718	 0.499859
849	848	2	 0.999518	 0.499759
850	849	2	 1.000681	 0.500341
851	850	2	 0.999715	 0.499857
852	851	1	 0.500298	 0.500298
853	852	2	 0.999467	 0.499734
854	853	2	 0.999695	 0.499848
855	854	0	 0.000000	 0.000000
856	855	0	 0.000000	 0.000000
857	856	2	 0.999716	 0.499858
858	857	2	 1.000605	 0.500303
859	858	2	 1.000166	 0.500083
860	859	0	 0.000000	 0.000000
861	860	2	 0.999504	 0.499752
862	861	2	 0.999611	 0.499805
863	862	2	 1.000244	 0.500122
864	863	1	 0.500328	 0.500328
865	864	2	 1.000626	 0.500313
866	865	2	 0.999772	 0.499886
867	866	2	 0.999768	 0.499884
868	867	2	 1.000762	 0.500381
869	868	2	 0.998884	 0.499442
870	869	1	 0.499838	 0.499838
871	870	2	 1.000168	 0.500084
872	871	0	 0.000000	 0.000000
873	872	2	 0.999481	 0.499740
874	873	2	 1.000207	 0.500104
875	874	1	 0.499838	 0.499838
876	875	2	 1.000744	 0.500372
877	876	2	 0.998911	 0.499456
878	877	2	 1.000152	 0.500076
879	878	0	 0.000000	 0.000000
880	879	2	 1.000147	 0.500074
881	880	2	 0.999588	 0.499794
882	881	2	 0.999798	 0.499899
883	882	2	 0.998913	 0.499457
884	883	2	 0.999700	 0.499850
885	884	0	 0.000000	 0.000000
886	885	2	 1.000220	 0.500110
887	886	1	 0.499834	 0.499834
888	887	2	 1.000217	 0.500108
889	888	0	 0.000000	 0.000000
890	889	2	 1.000618	 0.500309
891	890	2	 0.999687	 0.499844
892	891	2	 0.999471	 0.499735
893	892	0	 0.000000	 0.000000
894	893	2	 0.999463	 0.499732
895	894	2	 0.999813	 0.499906
896	895	2	 0.999699	 0.499849
897	896	2	 1.000219	 0.500110
898	897	2	 0.999563	 0.499781
899	898	0	 0.000000	 0.000000
900	899	2	 0.999814	 0.499907
901	900	2	 1.000610	 0.500305
902	901	2	 0.999503	 0.499751
903	902	2	 0.999698	 0.499849
904	903	2	 0.999820	 0.499910
905	904	2	 1.000161	 0.500080
906	905	2	 0.998906	 0.499453
907	906	2	 1.000712	 0.500356
908	907	2	 0.999705	 0.499852
909	908	2	 1.000155	 0.500078
910	909	2	 0.999850	 0.499925
911	910	0	 0.000000	 0.000000
912	911	2	 0.999092	 0.499546
913	912	2	 1.000574	 0.500287
914	913	2	 0.999871	 0.499935
915	914	0	 0.000000	 0.000000
916	915	2	 0.999853	 0.499926
917	916	2	 0.999729	 0.499865
918	917	2	 1.000096	 0.500048
919	918	2	 0.999651	 0.499826
920	919	2	 0.999810	 0.499905
921	920	2	 1.000096	 0.500048
922	921	1	 0.500202	 0.500202
923	922	2	 0.999899	 0.499950
924	923	2	 0.999749	 0.499875
925	924	2	 0.999896	 0.499948
926	925	2	 0.999817	 0.499908
927	926	2	 1.000136	 0.500068
928	927	2	 0.999288	 0.499644
929	928	1	 0.499901	 0.499901
930	929	2	 1.000095	 0.500047
931	930	0	 0.000000	 0.000000
932	931	2	 0.999863	 0.499932
933	932	2	 1.000153	 0.500076
934	933	2	 0.999641	 0.499821
935	934	2	 1.000159	 0.500079
936	935	2	 0.999234	 0.499617
937	936	2	 1.000514	 0.500257
938	937	0	 0.000000	 0.000000
939	938	2	 0.999803	 0.499902
940	939	0	 0.000000	 0.000000
941	940	2	 0.998021	 0.499011
942	941	0	 0.000000	 0.000000
943	942	2	 1.001117	 0.500558
944	943	0	 0.000000	 0.000000
945	944	2	 1.001404	 0.500702
946	945	2	 0.999485	 0.499742
947	946	2	 0.999384	 0.499692
948	947	0	 0.000000	 0.000000
949	948	2	 0.999609	 0.499805
950	949	0	 0.000000	 0.000000
951	950	2	 0.999490	 0.499745
952	951	2	 0.999634	 0.499817
953	952	2	 1.001407	 0.500703
954	953	2	 0.999395	 0.499697
955	954	2	 0.999614	 0.499807
956	955	2	 1.000363	 0.500182
957	956	2	 1.000670	 0.500335
958	957	2	 1.000034	 0.500017
959	958	1	 0.499961	 0.499961
960	959	2	 0.999600	 0.499800
961	960	1	 0.500708	 0.500708
962	961	2	 1.000497	 0.500249
963	962	2	 1.001470	 0.500735
964	963	2	 0.999303	 0.499652
965	964	2	 0.999539	 0.499770
966	965	2	 0.999142	 0.499571
967	966	2	 1.001761	 0.500881
968	967	2	 0.999229	 0.499615
969	968	2	 1.001776	 0.500888
970	969	2	 0.999931	 0.499965
971	970	2	 0.999946	 0.499973
972	971	2	 1.001600	 0.500800
973	972	2	 1.000760	 0.500380
974	973	0	 0.000000	 0.000000
975	974	2	 0.999212	 0.499606
976	975	2	 1.001551	 0.500776
977	976	2	 0.999193	 0.499596
978	977	2	 1.000623	 0.500311
979	978	0	 0.000000	 0.000000
980	979	2	 0.999521	 0.499761
981	980	1	 0.500948	 0.500948
982	981	2	 0.999194	 0.499597
983	982	2	 0.999484	 0.499742
984	983	2	 1.001570	 0.500785
985	984	2	 1.000767	 0.500384
986	985	2	 0.997532	 0.498766
987	986	2	 0.999069	 0.499535
988	987	2	 1.000874	 0.500437
989	988	2	 0.999532	 0.499766
990	989	1	 0.501014	 0.501014
991	990	2	 0.999224	 0.499612
992	991	2	 1.000880	 0.500440
993	992	2	 0.999528	 0.499764
994	993	2	 0.999342	 0.499671
995	994	2	 0.999333	 0.499666
996	995	2	 1.000755	 0.500378
997	996	2	 1.000938	 0.500469
998	997	2	 0.999827	 0.499914
999	998	1	 0.501082	 0.501082
1000	999	1	 0.499748	 0.499748
1001	1000	0	 0.000000	 0.000000
1002	1001	2	 0.999498	 0.499749
1003	1002	1	 0.499746	 0.499746
1004	1003	2	 0.999323	 0.499661
1005	1004	2	 0.999822	 0.499911
1006	1005	2	 1.000768	 0.500384
1007	1006	2	 0.997346	 0.498673
1008	1007	2	 1.002005	 0.501002
1009	1008	2	 1.000604	 0.500302
1010	1009	2	 0.999004	 0.499502
1011	1010	2	 1.001670	 0.500835
1012	1011	2	 0.997239	 0.498620
1013	1012	0	 0.000000	 0.000000
1014	1013	2	 0.999821	 0.499911
1015	1014	2	 0.999320	 0.499660
1016	1015	1	 0.499744	 0.499744
1017	1016	0	 0.000000	 0.000000
1018	1017	2	 1.000606	 0.500303
1019	1018	0	 0.000000	 0.000000
1020	1019	2	 0.999482	 0.499741
1021	1020	2	 0.999152	 0.499576
1022	1021	0	 0.000000	 0.000000
1023	1022	2	 0.999288	 0.499644
1024	1023	2	 1.000748	 0.500374
1025	1024	2	 0.998780	 0.499390
1026	1025	1	 0.501115	 0.501115
1027	1026	2	 1.000939	 0.500470
1028	1027	2	 1.001644	 0.500822
1029	1028	2	 0.998805	 0.499403
1030	1029	2	 1.001717	 0.500859
1031	1030	1	 0.501047	 0.501047
1032	1031	1	 0.499744	 0.499744
1033	1032	2	 0.999503	 0.499752
1034	1033	2	 1.000805	 0.500402
1035	1034	0	 0.000000	 0.000000
1036	1035	2	 1.000956	 0.500478
1037	1036	1	 0.499746	 0.499746
1038	1037	2	 1.001973	 0.500986
1039	1038	1	 0.499742	 0.499742
1040	1039	2	 0.999478	 0.499739
1041	1040	0	 0.000000	 0.000000
1042	1041	1	 0.501093	 0.501093
1043	1042	2	 1.002032	 0.501016
1044	1043	2	 0.999320	 0.499660
