405
566
547
979
1024
44
116
909
63
948
556
220
304
426
150
265
613
620
869
707
907
1006
743
300
674
463
639
789
915
881
404
496
843
285
894
944
560
132
196
945
3
656
266
400
538
7
388
953
836
1033
257
645
340
153
295
568
455
177
708
494
441
759
654
827
286
769
513
302
787
254
588
121
40
65
194
383
636
686
336
712
904
216
773
862
698
431
180
528
649
500
928
471
587
248
502
902
583
2
394
563
232
805
530
167
423
69
577
35
510
343
882
146
651
730
207
806
363
737
853
586
732
932
910
604
927
672
1001
791
82
591
761
660
337
267
713
172
472
238
809
1027
366
925
371
585
125
273
615
432
250
960
552
936
738
741
451
23
17
457
352
385
222
900
947
414
784
50
163
746
503
875
1040
140
123
190
199
410
88
991
611
402
978
454
673
561
1038
223
226
245
942
449
790
889
439
871
436
731
677
159
197
527
444
522
935
198
542
434
1016
127
896
221
103
776
448
969
293
622
296
977
584
482
200
360
593
12
384
251
386
345
709
664
486
479
735
413
487
777
844
214
39
84
290
334
906
920
518
539
803
313
488
392
192
671
554
176
234
950
745
213
783
331
53
239
427
481
14
459
993
288
727
131
855
470
873
291
940
42
997
990
33
575
485
681
923
865
548
582
62
864
517
1012
18
854
225
417
603
403
549
29
625
49
316
458
859
632
122
440
15
1019
899
722
1022
435
478
607
589
762
504
168
1025
567
301
857
668
191
54
161
617
347
748
516
638
984
391
71
1041
321
863
716
760
1044
38
501
534
938
866
949
377
557
102
106
874
372
596
691
182
118
59
987
535
445
609
818
46
204
433
350
108
595
887
911
643
16
578
8
574
277
959
740
536
370
495
514
474
782
25
970
758
804
13
498
693
706
573
256
289
884
178
724
1030
1028
833
1035
497
187
416
965
541
152
967
269
399
897
85
715
47
860
151
282
210
733
810
779
446
678
954
37
621
985
1003
242
230
729
642
835
217
918
825
641
68
972
9
268
447
20
137
406
86
877
817
721
338
1020
421
64
27
880
590
917
922
111
492
326
162
687
757
861
839
872
397
357
61
812
335
989
700
576
99
680
342
57
901
540
508
770
532
955
635
320
689
90
934
93
653
736
258
212
564
778
886
914
767
571
237
41
241
34
344
876
349
679
452
276
898
240
466
1034
303
988
986
599
205
690
114
389
1023
475
376
808
480
618
682
233
845
598
780
819
183
193
133
811
112
1008
933
996
147
135
765
975
570
74
323
375
156
411
141
73
259
711
279
612
428
263
464
523
58
364
283
359
110
697
600
648
627
56
412
692
1000
610
144
310
80
104
663
941
453
630
637
628
961
553
275
235
655
206
264
318
1043
287
992
262
507
565
772
26
119
351
107
138
21
1005
484
717
794
324
994
661
831
952
409
719
244
407
781
931
702
726
1011
473
329
974
325
126
890
815
456
52
77
963
355
203
328
188
1015
580
971
670
6
149
1029
550
395
533
851
1007
788
165
362
443
327
841
227
739
796
546
201
462
374
659
48
688
667
1039
72
66
224
606
98
1026
128
1
164
231
319
483
509
368
367
461
142
543
814
592
710
616
846
113
629
581
476
774
467
322
493
271
202
398
792
973
70
515
891
278
67
763
905
24
802
976
228
531
209
1032
822
800
619
43
631
442
634
117
545
870
378
450
529
837
749
786
756
246
249
247
658
848
94
537
169
353
983
725
823
964
145
842
995
505
157
5
520
425
601
89
1037
594
92
292
306
559
243
832
916
694
270
36
419
868
211
390
551
101
856
75
951
315
236
838
490
393
136
109
624
185
696
1017
647
623
297
830
489
170
1021
766
850
793
175
519
675
747
919
684
701
260
569
32
957
130
852
229
807
968
100
676
415
929
348
148
652
602
895
30
820
218
171
143
174
307
120
799
883
252
105
418
381
785
750
97
703
305
1013
640
95
280
946
356
704
683
155
821
468
51
903
834
744
396
312
665
96
294
4
1042
311
420
28
525
626
438
298
1018
373
78
768
79
430
544
339
379
1036
158
699
828
10
341
558
526
633
878
134
958
460
867
644
31
912
401
317
166
669
45
308
885
801
924
579
723
666
506
76
795
424
382
956
346
930
314
208
998
662
380
734
572
764
705
189
81
939
55
91
824
1009
858
562
798
1002
555
1004
816
469
888
771
358
605
354
491
751
274
437
657
521
754
608
83
840
139
261
1014
181
1031
921
597
284
913
332
422
926
695
720
215
499
465
714
173
11
186
253
115
847
429
775
943
980
22
937
512
981
614
179
982
755
281
797
1010
999
829
511
387
309
813
195
60
272
361
87
849
330
908
893
524
646
124
154
752
753
962
19
477
966
333
255
728
219
742
129
892
184
826
369
685
365
879
408
718
299
650
160
