1	0	2	 0.999829	 0.499914
2	1	0	 0.000000	 0.000000
3	2	0	 0.000000	 0.000000
4	3	2	 0.999645	 0.499822
5	4	2	 0.999613	 0.499806
6	5	2	 1.000126	 0.500063
7	6	0	 0.000000	 0.000000
8	7	2	 1.000333	 0.500167
9	8	2	 1.000052	 0.500026
10	9	2	 0.999677	 0.499838
11	10	1	 0.500077	 0.500077
12	11	2	 1.000105	 0.500053
13	12	2	 1.000312	 0.500156
14	13	2	 1.000379	 0.500190
15	14	2	 1.000593	 0.500297
16	15	2	 1.000300	 0.500150
17	16	2	 1.000114	 0.500057
18	17	2	 1.000361	 0.500180
19	18	0	 0.000000	 0.000000
20	19	2	 1.000047	 0.500024
21	20	2	 1.000101	 0.500051
22	21	1	 0.500070	 0.500070
23	22	2	 1.000116	 0.500058
24	23	2	 0.999724	 0.499862
25	24	2	 1.000305	 0.500153
26	25	2	 1.000108	 0.500054
27	26	2	 0.999900	 0.499950
28	27	2	 0.999694	 0.499847
29	28	2	 1.000380	 0.500190
30	29	2	 0.999458	 0.499729
31	30	2	 1.000051	 0.500026
32	31	2	 0.999451	 0.499725
33	32	2	 1.000383	 0.500192
34	33	2	 1.000006	 0.500003
35	34	1	 0.500010	 0.500010
36	35	2	 0.999650	 0.499825
37	36	2	 1.000046	 0.500023
38	37	2	 1.000609	 0.500304
39	38	2	 1.000102	 0.500051
40	39	0	 0.000000	 0.000000
41	40	2	 1.000009	 0.500005
42	41	2	 1.000389	 0.500194
43	42	2	 0.999710	 0.499855
44	43	0	 0.000000	 0.000000
45	44	2	 1.000052	 0.500026
46	45	2	 1.000314	 0.500157
47	46	2	 1.000049	 0.500024
48	47	2	 0.999837	 0.499918
49	48	2	 1.000406	 0.500203
50	49	2	 1.000128	 0.500064
51	50	2	 0.999661	 0.499830
52	51	2	 1.000113	 0.500056
53	52	2	 1.000409	 0.500204
54	53	2	 1.000643	 0.500322
55	54	2	 1.000054	 0.500027
56	55	2	 1.000121	 0.500061
57	56	2	 0.999884	 0.499942
58	57	2	 1.000121	 0.500060
59	58	2	 1.000320	 0.500160
60	59	0	 0.000000	 0.000000
61	60	2	 0.999885	 0.499943
62	61	2	 1.000413	 0.500206
63	62	0	 0.000000	 0.000000
64	63	2	 0.999887	 0.499943
65	64	0	 0.000000	 0.000000
66	65	2	 0.999829	 0.499915
67	66	2	 0.999694	 0.499847
68	67	2	 1.000044	 0.500022
69	68	1	 0.500010	 0.500010
70	69	2	 0.999694	 0.499847
71	70	2	 1.000649	 0.500325
72	71	2	 0.999830	 0.499915
73	72	2	 1.000131	 0.500065
74	73	2	 1.000008	 0.500004
75	74	2	 0.999619	 0.499810
76	75	2	 1.000056	 0.500028
77	76	2	 1.000113	 0.500057
78	77	2	 0.999647	 0.499824
79	78	2	 0.999649	 0.499825
80	79	2	 1.000132	 0.500066
81	80	2	 1.000056	 0.500028
82	81	1	 0.500011	 0.500011
83	82	1	 0.500086	 0.500086
84	83	2	 1.000114	 0.500057
85	84	2	 1.000054	 0.500027
86	85	2	 1.000053	 0.500026
87	86	0	 0.000000	 0.000000
88	87	2	 1.000133	 0.500066
89	88	2	 0.999617	 0.499809
90	89	2	 0.999888	 0.499944
91	90	2	 1.000053	 0.500026
92	91	2	 0.999625	 0.499813
93	92	2	 0.999891	 0.499946
94	93	2	 0.999696	 0.499848
95	94	2	 0.999674	 0.499837
96	95	2	 0.999680	 0.499840
97	96	2	 0.999483	 0.499741
98	97	2	 0.999856	 0.499928
99	98	2	 0.999909	 0.499955
100	99	2	 0.999514	 0.499757
101	100	2	 0.999708	 0.499854
102	101	2	 1.000525	 0.500262
103	102	2	 1.000089	 0.500044
104	103	2	 1.000109	 0.500055
105	104	2	 0.999542	 0.499771
106	105	2	 1.000513	 0.500256
107	106	2	 1.000092	 0.500046
108	107	2	 1.000257	 0.500129
109	108	2	 0.999723	 0.499861
110	109	2	 1.000108	 0.500054
111	110	2	 0.999921	 0.499960
112	111	2	 1.000015	 0.500008
113	112	2	 0.999876	 0.499938
114	113	2	 1.000014	 0.500007
115	114	1	 0.500059	 0.500059
116	115	0	 0.000000	 0.000000
117	116	2	 0.999762	 0.499881
118	117	2	 1.000263	 0.500131
119	118	2	 1.000094	 0.500047
120	119	2	 0.999563	 0.499781
121	120	0	 0.000000	 0.000000
122	121	2	 1.000488	 0.500244
123	122	2	 1.000101	 0.500050
124	123	0	 0.000000	 0.000000
125	124	1	 0.500014	 0.500014
126	125	2	 1.000093	 0.500047
127	126	2	 1.000080	 0.500040
128	127	2	 0.999888	 0.499944
129	128	0	 0.000000	 0.000000
130	129	2	 0.999606	 0.499803
131	130	2	 1.000288	 0.500144
132	131	0	 0.000000	 0.000000
133	132	2	 1.000014	 0.500007
134	133	2	 0.999768	 0.499884
135	134	2	 1.000016	 0.500008
136	135	2	 0.999727	 0.499863
137	136	2	 1.000044	 0.500022
138	137	2	 1.000098	 0.500049
139	138	1	 0.500064	 0.500064
140	139	2	 1.000103	 0.500051
141	140	2	 1.000117	 0.500058
142	141	2	 0.999870	 0.499935
143	142	2	 0.999507	 0.499754
144	143	2	 1.000129	 0.500065
145	144	2	 0.999681	 0.499841
146	145	1	 0.500013	 0.500013
147	146	2	 1.000021	 0.500011
148	147	2	 0.999493	 0.499747
149	148	2	 1.000105	 0.500053
150	149	0	 0.000000	 0.000000
151	150	2	 1.000050	 0.500025
152	151	2	 1.000048	 0.500024
153	152	0	 0.000000	 0.000000
154	153	0	 0.000000	 0.000000
155	154	2	 0.999701	 0.499850
156	155	2	 1.000127	 0.500064
157	156	2	 0.999660	 0.499830
158	157	2	 0.999688	 0.499844
159	158	2	 1.000119	 0.500060
160	159	0	 0.000000	 0.000000
161	160	2	 1.000601	 0.500301
162	161	2	 0.999894	 0.499947
163	162	2	 1.000119	 0.500059
164	163	2	 0.999835	 0.499917
165	164	2	 0.999835	 0.499918
166	165	2	 1.000053	 0.500026
167	166	1	 0.500010	 0.500010
168	167	2	 1.000653	 0.500327
169	168	2	 0.999688	 0.499844
170	169	2	 0.999620	 0.499810
171	170	2	 0.999388	 0.499694
172	171	1	 0.500009	 0.500009
173	172	1	 0.500083	 0.500083
174	173	2	 0.999383	 0.499692
175	174	2	 0.999384	 0.499692
176	175	2	 1.000427	 0.500213
177	176	0	 0.000000	 0.000000
178	177	2	 1.000348	 0.500174
179	178	1	 0.500086	 0.500086
180	179	0	 0.000000	 0.000000
181	180	1	 0.500083	 0.500083
182	181	2	 1.000340	 0.500170
183	182	2	 1.000010	 0.500005
184	183	0	 0.000000	 0.000000
185	184	2	 0.999609	 0.499804
186	185	1	 0.500087	 0.500087
187	186	2	 1.000051	 0.500026
188	187	2	 1.000119	 0.500059
189	188	2	 1.000056	 0.500028
190	189	2	 1.000135	 0.500067
191	190	2	 1.000693	 0.500347
192	191	2	 1.000442	 0.500221
193	192	2	 1.000008	 0.500004
194	193	0	 0.000000	 0.000000
195	194	0	 0.000000	 0.000000
196	195	0	 0.000000	 0.000000
197	196	2	 1.000132	 0.500066
198	197	2	 1.000117	 0.500058
199	198	2	 1.000134	 0.500067
200	199	2	 1.000116	 0.500058
201	200	2	 0.999812	 0.499906
202	201	2	 0.999668	 0.499834
203	202	2	 1.000112	 0.500056
204	203	2	 1.000348	 0.500174
205	204	2	 1.000006	 0.500003
206	205	2	 1.000135	 0.500067
207	206	1	 0.500010	 0.500010
208	207	2	 1.000057	 0.500028
209	208	2	 0.999668	 0.499834
210	209	2	 1.000051	 0.500026
211	210	2	 0.999597	 0.499798
212	211	2	 0.999877	 0.499939
213	212	2	 1.000449	 0.500225
214	213	2	 1.000120	 0.500060
215	214	1	 0.500089	 0.500089
216	215	0	 0.000000	 0.000000
217	216	2	 1.000054	 0.500027
218	217	2	 0.999347	 0.499674
219	218	0	 0.000000	 0.000000
220	219	0	 0.000000	 0.000000
221	220	2	 1.000120	 0.500060
222	221	2	 1.000140	 0.500070
223	222	2	 1.000139	 0.500069
224	223	2	 0.999813	 0.499906
225	224	2	 1.000449	 0.500224
226	225	2	 1.000138	 0.500069
227	226	2	 0.999813	 0.499907
228	227	2	 0.999663	 0.499831
229	228	2	 0.999344	 0.499672
230	229	2	 1.000052	 0.500026
231	230	2	 0.999813	 0.499906
232	231	1	 0.500011	 0.500011
233	232	2	 1.000006	 0.500003
234	233	2	 1.000452	 0.500226
235	234	2	 1.000136	 0.500068
236	235	2	 0.999587	 0.499793
237	236	2	 1.000004	 0.500002
238	237	1	 0.500009	 0.500009
239	238	2	 1.000453	 0.500227
240	239	2	 1.000006	 0.500003
241	240	2	 1.000006	 0.500003
242	241	2	 1.000051	 0.500025
243	242	2	 0.999591	 0.499796
244	243	2	 1.000113	 0.500057
245	244	2	 1.000135	 0.500068
246	245	2	 0.999665	 0.499832
247	246	2	 0.999672	 0.499836
248	247	0	 0.000000	 0.000000
249	248	2	 0.999672	 0.499836
250	249	1	 0.500007	 0.500007
251	250	2	 1.000112	 0.500056
252	251	2	 0.999369	 0.499684
253	252	1	 0.500086	 0.500086
254	253	0	 0.000000	 0.000000
255	254	0	 0.000000	 0.000000
256	255	2	 1.000333	 0.500166
257	256	0	 0.000000	 0.000000
258	257	2	 0.999884	 0.499942
259	258	2	 1.000131	 0.500065
260	259	2	 0.999372	 0.499686
261	260	1	 0.500085	 0.500085
262	261	2	 1.000126	 0.500063
263	262	2	 1.000124	 0.500062
264	263	2	 1.000126	 0.500063
265	264	0	 0.000000	 0.000000
266	265	0	 0.000000	 0.000000
267	266	1	 0.500008	 0.500008
268	267	2	 1.000040	 0.500020
269	268	2	 1.000042	 0.500021
270	269	2	 0.999622	 0.499811
271	270	2	 0.999699	 0.499849
272	271	0	 0.000000	 0.000000
273	272	1	 0.500010	 0.500010
274	273	1	 0.500083	 0.500083
275	274	2	 1.000130	 0.500065
276	275	2	 1.000010	 0.500005
277	276	2	 1.000329	 0.500165
278	277	2	 0.999694	 0.499847
279	278	2	 1.000135	 0.500067
280	279	2	 0.999668	 0.499834
281	280	1	 0.500081	 0.500081
282	281	2	 1.000056	 0.500028
283	282	2	 1.000144	 0.500072
284	283	1	 0.500083	 0.500083
285	284	0	 0.000000	 0.000000
286	285	0	 0.000000	 0.000000
287	286	2	 1.000148	 0.500074
288	287	2	 1.000417	 0.500208
289	288	2	 1.000332	 0.500166
290	289	2	 1.000117	 0.500058
291	290	2	 1.000412	 0.500206
292	291	2	 0.999647	 0.499824
293	292	2	 1.000113	 0.500056
294	293	2	 0.999676	 0.499838
295	294	0	 0.000000	 0.000000
296	295	2	 1.000104	 0.500052
297	296	2	 0.999669	 0.499835
298	297	2	 0.999695	 0.499848
299	298	0	 0.000000	 0.000000
300	299	0	 0.000000	 0.000000
301	300	2	 1.000612	 0.500306
302	301	0	 0.000000	 0.000000
303	302	2	 1.000025	 0.500012
304	303	0	 0.000000	 0.000000
305	304	2	 0.999464	 0.499732
306	305	2	 0.999671	 0.499835
307	306	2	 0.999513	 0.499757
308	307	2	 1.000044	 0.500022
309	308	0	 0.000000	 0.000000
310	309	2	 1.000123	 0.500062
311	310	2	 0.999730	 0.499865
312	311	2	 0.999718	 0.499859
313	312	2	 1.000095	 0.500047
314	313	2	 1.000043	 0.500022
315	314	2	 0.999691	 0.499846
316	315	2	 1.000562	 0.500281
317	316	2	 1.000045	 0.500023
318	317	2	 1.000125	 0.500063
319	318	2	 0.999865	 0.499933
320	319	2	 0.999910	 0.499955
321	320	2	 1.000535	 0.500268
322	321	2	 0.999751	 0.499875
323	322	2	 1.000109	 0.500054
324	323	2	 1.000091	 0.500046
325	324	2	 1.000093	 0.500046
326	325	2	 0.999917	 0.499958
327	326	2	 0.999852	 0.499926
328	327	2	 1.000104	 0.500052
329	328	2	 1.000102	 0.500051
330	329	0	 0.000000	 0.000000
331	330	2	 1.000360	 0.500180
332	331	1	 0.500073	 0.500073
333	332	0	 0.000000	 0.000000
334	333	2	 1.000103	 0.500052
335	334	2	 0.999922	 0.499961
336	335	0	 0.000000	 0.000000
337	336	1	 0.500009	 0.500009
338	337	2	 0.999924	 0.499962
339	338	2	 0.999711	 0.499855
340	339	0	 0.000000	 0.000000
341	340	2	 0.999712	 0.499856
342	341	2	 0.999912	 0.499956
343	342	1	 0.500016	 0.500016
344	343	2	 1.000025	 0.500012
345	344	2	 1.000113	 0.500056
346	345	2	 1.000047	 0.500023
347	346	2	 1.000607	 0.500304
348	347	2	 0.999462	 0.499731
349	348	2	 1.000021	 0.500010
350	349	2	 1.000320	 0.500160
351	350	2	 1.000114	 0.500057
352	351	2	 1.000123	 0.500061
353	352	2	 0.999723	 0.499861
354	353	1	 0.500075	 0.500075
355	354	2	 1.000109	 0.500054
356	355	2	 0.999691	 0.499845
357	356	2	 0.999906	 0.499953
358	357	2	 1.000048	 0.500024
359	358	2	 1.000138	 0.500069
360	359	2	 1.000115	 0.500057
361	360	0	 0.000000	 0.000000
362	361	2	 0.999849	 0.499924
363	362	1	 0.500016	 0.500016
364	363	2	 1.000143	 0.500072
365	364	0	 0.000000	 0.000000
366	365	1	 0.500018	 0.500018
367	366	2	 0.999852	 0.499926
368	367	2	 0.999851	 0.499925
369	368	0	 0.000000	 0.000000
370	369	2	 1.000344	 0.500172
371	370	1	 0.500019	 0.500019
372	371	2	 1.000347	 0.500174
373	372	2	 0.999695	 0.499847
374	373	2	 0.999853	 0.499926
375	374	2	 1.000138	 0.500069
376	375	2	 1.000020	 0.500010
377	376	2	 1.000604	 0.500302
378	377	2	 0.999725	 0.499863
379	378	2	 0.999704	 0.499852
380	379	2	 1.000047	 0.500024
381	380	2	 0.999458	 0.499729
382	381	2	 1.000049	 0.500025
383	382	0	 0.000000	 0.000000
384	383	2	 1.000120	 0.500060
385	384	2	 1.000133	 0.500067
386	385	2	 1.000114	 0.500057
387	386	0	 0.000000	 0.000000
388	387	0	 0.000000	 0.000000
389	388	2	 1.000021	 0.500011
390	389	2	 0.999662	 0.499831
391	390	2	 1.000599	 0.500300
392	391	2	 1.000110	 0.500055
393	392	2	 0.999667	 0.499833
394	393	0	 0.000000	 0.000000
395	394	2	 0.999850	 0.499925
396	395	2	 0.999699	 0.499850
397	396	2	 0.999903	 0.499951
398	397	2	 0.999729	 0.499864
399	398	2	 1.000063	 0.500031
400	399	0	 0.000000	 0.000000
401	400	2	 1.000045	 0.500023
402	401	2	 1.000123	 0.500062
403	402	2	 1.000363	 0.500181
404	403	0	 0.000000	 0.000000
405	404	0	 0.000000	 0.000000
406	405	2	 1.000050	 0.500025
407	406	2	 1.000098	 0.500049
408	407	0	 0.000000	 0.000000
409	408	2	 1.000106	 0.500053
410	409	2	 1.000127	 0.500064
411	410	2	 1.000136	 0.500068
412	411	2	 1.000143	 0.500072
413	412	2	 1.000120	 0.500060
414	413	2	 1.000136	 0.500068
415	414	2	 0.999383	 0.499692
416	415	2	 1.000067	 0.500034
417	416	2	 1.000451	 0.500226
418	417	2	 0.999369	 0.499685
419	418	2	 0.999607	 0.499803
420	419	2	 0.999631	 0.499816
421	420	2	 0.999895	 0.499947
422	421	1	 0.500091	 0.500091
423	422	1	 0.500016	 0.500016
424	423	2	 1.000057	 0.500028
425	424	2	 0.999595	 0.499798
426	425	0	 0.000000	 0.000000
427	426	2	 1.000465	 0.500232
428	427	2	 1.000159	 0.500079
429	428	1	 0.500092	 0.500092
430	429	2	 0.999615	 0.499808
431	430	0	 0.000000	 0.000000
432	431	1	 0.500019	 0.500019
433	432	2	 1.000400	 0.500200
434	433	2	 1.000133	 0.500066
435	434	2	 1.000760	 0.500380
436	435	2	 1.000157	 0.500078
437	436	1	 0.500095	 0.500095
438	437	2	 0.999607	 0.499804
439	438	2	 1.000159	 0.500080
440	439	2	 1.000779	 0.500390
441	440	0	 0.000000	 0.000000
442	441	2	 0.999637	 0.499819
443	442	2	 0.999807	 0.499903
444	443	2	 1.000133	 0.500066
445	444	2	 1.000401	 0.500201
446	445	2	 1.000063	 0.500031
447	446	2	 1.000062	 0.500031
448	447	2	 1.000132	 0.500066
449	448	2	 1.000153	 0.500077
450	449	2	 0.999634	 0.499817
451	450	2	 1.000151	 0.500076
452	451	2	 1.000017	 0.500008
453	452	2	 1.000159	 0.500080
454	453	2	 1.000152	 0.500076
455	454	0	 0.000000	 0.000000
456	455	2	 1.000139	 0.500069
457	456	2	 1.000153	 0.500076
458	457	2	 1.000764	 0.500382
459	458	2	 1.000488	 0.500244
460	459	2	 0.999600	 0.499800
461	460	2	 0.999805	 0.499902
462	461	2	 0.999803	 0.499902
463	462	0	 0.000000	 0.000000
464	463	2	 1.000163	 0.500081
465	464	1	 0.500095	 0.500095
466	465	2	 1.000017	 0.500008
467	466	2	 0.999642	 0.499821
468	467	2	 0.999608	 0.499804
469	468	2	 1.000062	 0.500031
470	469	2	 1.000481	 0.500240
471	470	0	 0.000000	 0.000000
472	471	1	 0.500017	 0.500017
473	472	2	 1.000138	 0.500069
474	473	2	 1.000395	 0.500198
475	474	2	 1.000019	 0.500010
476	475	2	 0.999810	 0.499905
477	476	0	 0.000000	 0.000000
478	477	2	 1.000748	 0.500374
479	478	2	 1.000130	 0.500065
480	479	2	 1.000019	 0.500009
481	480	2	 1.000467	 0.500233
482	481	2	 1.000128	 0.500064
483	482	2	 0.999817	 0.499909
484	483	2	 1.000135	 0.500068
485	484	2	 1.000459	 0.500229
486	485	2	 1.000127	 0.500064
487	486	2	 1.000128	 0.500064
488	487	2	 1.000130	 0.500065
489	488	2	 0.999587	 0.499793
490	489	2	 0.999584	 0.499792
491	490	1	 0.500092	 0.500092
492	491	2	 0.999880	 0.499940
493	492	2	 0.999650	 0.499825
494	493	0	 0.000000	 0.000000
495	494	2	 1.000394	 0.500197
496	495	0	 0.000000	 0.000000
497	496	2	 1.000069	 0.500035
498	497	2	 1.000398	 0.500199
499	498	1	 0.500092	 0.500092
500	499	0	 0.000000	 0.000000
501	500	2	 1.000747	 0.500373
502	501	0	 0.000000	 0.000000
503	502	2	 1.000148	 0.500074
504	503	2	 1.000742	 0.500371
505	504	2	 0.999589	 0.499794
506	505	2	 1.000060	 0.500030
507	506	2	 1.000140	 0.500070
508	507	2	 0.999881	 0.499941
509	508	2	 0.999823	 0.499911
510	509	1	 0.500015	 0.500015
511	510	0	 0.000000	 0.000000
512	511	1	 0.500090	 0.500090
513	512	0	 0.000000	 0.000000
514	513	2	 1.000375	 0.500187
515	514	2	 0.999667	 0.499834
516	515	2	 1.000719	 0.500360
517	516	2	 1.000460	 0.500230
518	517	2	 1.000126	 0.500063
519	518	2	 0.999358	 0.499679
520	519	2	 0.999600	 0.499800
521	520	1	 0.500089	 0.500089
522	521	2	 1.000125	 0.500063
523	522	2	 1.000157	 0.500079
524	523	0	 0.000000	 0.000000
525	524	2	 0.999636	 0.499818
526	525	2	 0.999636	 0.499818
527	526	2	 1.000141	 0.500070
528	527	0	 0.000000	 0.000000
529	528	2	 0.999670	 0.499835
530	529	1	 0.500015	 0.500015
531	530	2	 0.999672	 0.499836
532	531	2	 0.999884	 0.499942
533	532	2	 0.999825	 0.499912
534	533	2	 1.000699	 0.500350
535	534	2	 1.000363	 0.500182
536	535	2	 1.000364	 0.500182
537	536	2	 0.999675	 0.499837
538	537	0	 0.000000	 0.000000
539	538	2	 1.000121	 0.500061
540	539	2	 0.999889	 0.499944
541	540	2	 1.000060	 0.500030
542	541	2	 1.000121	 0.500060
543	542	2	 0.999829	 0.499914
544	543	2	 0.999643	 0.499822
545	544	2	 0.999674	 0.499837
546	545	2	 0.999828	 0.499914
547	546	0	 0.000000	 0.000000
548	547	2	 1.000448	 0.500224
549	548	2	 1.000445	 0.500223
550	549	2	 1.000136	 0.500068
551	550	2	 0.999607	 0.499804
552	551	2	 1.000140	 0.500070
553	552	2	 1.000159	 0.500080
554	553	2	 1.000448	 0.500224
555	554	2	 1.000057	 0.500028
556	555	0	 0.000000	 0.000000
557	556	2	 1.000706	 0.500353
558	557	2	 0.999637	 0.499819
559	558	2	 0.999607	 0.499803
560	559	0	 0.000000	 0.000000
561	560	2	 1.000138	 0.500069
562	561	2	 1.000055	 0.500028
563	562	0	 0.000000	 0.000000
564	563	2	 0.999889	 0.499944
565	564	2	 1.000130	 0.500065
566	565	0	 0.000000	 0.000000
567	566	2	 1.000689	 0.500345
568	567	0	 0.000000	 0.000000
569	568	2	 0.999378	 0.499689
570	569	2	 1.000022	 0.500011
571	570	2	 1.000022	 0.500011
572	571	2	 1.000057	 0.500029
573	572	2	 1.000361	 0.500181
574	573	2	 1.000364	 0.500182
575	574	2	 1.000445	 0.500223
576	575	2	 0.999888	 0.499944
577	576	1	 0.500013	 0.500013
578	577	2	 1.000359	 0.500179
579	578	2	 1.000057	 0.500029
580	579	2	 1.000126	 0.500063
581	580	2	 0.999827	 0.499913
582	581	2	 1.000442	 0.500221
583	582	0	 0.000000	 0.000000
584	583	2	 1.000119	 0.500059
585	584	1	 0.500012	 0.500012
586	585	1	 0.500013	 0.500013
587	586	0	 0.000000	 0.000000
588	587	0	 0.000000	 0.000000
589	588	2	 1.000694	 0.500347
590	589	2	 0.999888	 0.499944
591	590	1	 0.500013	 0.500013
592	591	2	 0.999826	 0.499913
593	592	2	 1.000122	 0.500061
594	593	2	 0.999608	 0.499804
595	594	2	 1.000365	 0.500183
596	595	2	 1.000363	 0.500182
597	596	1	 0.500087	 0.500087
598	597	2	 1.000023	 0.500012
599	598	2	 1.000020	 0.500010
600	599	2	 1.000153	 0.500077
601	600	2	 0.999606	 0.499803
602	601	2	 0.999368	 0.499684
603	602	2	 1.000449	 0.500224
604	603	1	 0.500014	 0.500014
605	604	1	 0.500086	 0.500086
606	605	2	 0.999826	 0.499913
607	606	2	 1.000699	 0.500349
608	607	1	 0.500087	 0.500087
609	608	2	 1.000366	 0.500183
610	609	2	 1.000156	 0.500078
611	610	2	 1.000138	 0.500069
612	611	2	 1.000154	 0.500077
613	612	0	 0.000000	 0.000000
614	613	1	 0.500087	 0.500087
615	614	1	 0.500014	 0.500014
616	615	2	 0.999825	 0.499913
617	616	2	 1.000705	 0.500352
618	617	2	 1.000020	 0.500010
619	618	2	 0.999668	 0.499834
620	619	0	 0.000000	 0.000000
621	620	2	 1.000058	 0.500029
622	621	2	 1.000123	 0.500061
623	622	2	 0.999602	 0.499801
624	623	2	 0.999603	 0.499802
625	624	2	 1.000450	 0.500225
626	625	2	 0.999637	 0.499819
627	626	2	 1.000157	 0.500079
628	627	2	 1.000155	 0.500078
629	628	2	 0.999824	 0.499912
630	629	2	 1.000156	 0.500078
631	630	2	 0.999675	 0.499837
632	631	2	 1.000703	 0.500351
633	632	2	 0.999640	 0.499820
634	633	2	 0.999669	 0.499834
635	634	2	 0.999884	 0.499942
636	635	0	 0.000000	 0.000000
637	636	2	 1.000156	 0.500078
638	637	2	 1.000711	 0.500355
639	638	0	 0.000000	 0.000000
640	639	2	 0.999369	 0.499684
641	640	2	 1.000061	 0.500030
642	641	2	 1.000061	 0.500031
643	642	2	 1.000367	 0.500184
644	643	2	 1.000057	 0.500028
645	644	0	 0.000000	 0.000000
646	645	0	 0.000000	 0.000000
647	646	2	 0.999610	 0.499805
648	647	2	 1.000156	 0.500078
649	648	0	 0.000000	 0.000000
650	649	0	 0.000000	 0.000000
651	650	1	 0.500016	 0.500016
652	651	2	 0.999385	 0.499693
653	652	2	 0.999886	 0.499943
654	653	0	 0.000000	 0.000000
655	654	2	 1.000152	 0.500076
656	655	0	 0.000000	 0.000000
657	656	1	 0.500085	 0.500085
658	657	2	 0.999677	 0.499838
659	658	2	 0.999829	 0.499914
660	659	1	 0.500018	 0.500018
661	660	2	 1.000135	 0.500067
662	661	2	 1.000057	 0.500028
663	662	2	 1.000162	 0.500081
664	663	2	 1.000122	 0.500061
665	664	2	 0.999652	 0.499826
666	665	2	 1.000056	 0.500028
667	666	2	 0.999831	 0.499916
668	667	2	 1.000701	 0.500351
669	668	2	 1.000056	 0.500028
670	669	2	 1.000136	 0.500068
671	670	2	 1.000443	 0.500221
672	671	1	 0.500018	 0.500018
673	672	2	 1.000143	 0.500072
674	673	0	 0.000000	 0.000000
675	674	2	 0.999386	 0.499693
676	675	2	 0.999388	 0.499694
677	676	2	 1.000142	 0.500071
678	677	2	 1.000066	 0.500033
679	678	2	 1.000023	 0.500011
680	679	2	 0.999889	 0.499944
681	680	2	 1.000440	 0.500220
682	681	2	 1.000024	 0.500012
683	682	2	 0.999649	 0.499824
684	683	2	 0.999389	 0.499695
685	684	0	 0.000000	 0.000000
686	685	0	 0.000000	 0.000000
687	686	2	 0.999889	 0.499944
688	687	2	 0.999832	 0.499916
689	688	2	 0.999888	 0.499944
690	689	2	 1.000022	 0.500011
691	690	2	 1.000369	 0.500184
692	691	2	 1.000158	 0.500079
693	692	2	 1.000368	 0.500184
694	693	2	 0.999610	 0.499805
695	694	1	 0.500086	 0.500086
696	695	2	 0.999611	 0.499806
697	696	2	 1.000155	 0.500077
698	697	0	 0.000000	 0.000000
699	698	2	 0.999646	 0.499823
700	699	2	 0.999889	 0.499944
701	700	2	 0.999378	 0.499689
702	701	2	 1.000130	 0.500065
703	702	2	 0.999380	 0.499690
704	703	2	 0.999645	 0.499822
705	704	2	 1.000056	 0.500028
706	705	2	 1.000366	 0.500183
707	706	0	 0.000000	 0.000000
708	707	0	 0.000000	 0.000000
709	708	2	 1.000121	 0.500061
710	709	2	 0.999824	 0.499912
711	710	2	 1.000152	 0.500076
712	711	0	 0.000000	 0.000000
713	712	1	 0.500015	 0.500015
714	713	1	 0.500087	 0.500087
715	714	2	 1.000059	 0.500030
716	715	2	 1.000695	 0.500348
717	716	2	 1.000125	 0.500063
718	717	0	 0.000000	 0.000000
719	718	2	 1.000124	 0.500062
720	719	1	 0.500087	 0.500087
721	720	2	 1.000062	 0.500031
722	721	2	 1.000700	 0.500350
723	722	2	 1.000057	 0.500029
724	723	2	 1.000372	 0.500186
725	724	2	 0.999669	 0.499834
726	725	2	 1.000127	 0.500063
727	726	2	 1.000448	 0.500224
728	727	0	 0.000000	 0.000000
729	728	2	 1.000062	 0.500031
730	729	1	 0.500016	 0.500016
731	730	2	 1.000145	 0.500072
732	731	1	 0.500016	 0.500016
733	732	2	 1.000064	 0.500032
734	733	2	 1.000058	 0.500029
735	734	2	 1.000125	 0.500063
736	735	2	 0.999883	 0.499942
737	736	1	 0.500017	 0.500017
738	737	2	 1.000144	 0.500072
739	738	2	 0.999821	 0.499911
740	739	2	 1.000371	 0.500185
741	740	2	 1.000143	 0.500071
742	741	0	 0.000000	 0.000000
743	742	0	 0.000000	 0.000000
744	743	2	 0.999635	 0.499818
745	744	2	 1.000456	 0.500228
746	745	2	 1.000142	 0.500071
747	746	2	 0.999361	 0.499681
748	747	2	 1.000714	 0.500357
749	748	2	 0.999667	 0.499833
750	749	2	 0.999356	 0.499678
751	750	1	 0.500089	 0.500089
752	751	0	 0.000000	 0.000000
753	752	0	 0.000000	 0.000000
754	753	1	 0.500089	 0.500089
755	754	1	 0.500089	 0.500089
756	755	2	 0.999667	 0.499834
757	756	2	 0.999880	 0.499940
758	757	2	 1.000370	 0.500185
759	758	0	 0.000000	 0.000000
760	759	2	 1.000706	 0.500353
761	760	1	 0.500016	 0.500016
762	761	2	 1.000712	 0.500356
763	762	2	 0.999670	 0.499835
764	763	2	 1.000058	 0.500029
765	764	2	 1.000017	 0.500009
766	765	2	 0.999356	 0.499678
767	766	2	 1.000018	 0.500009
768	767	2	 0.999631	 0.499816
769	768	0	 0.000000	 0.000000
770	769	2	 0.999878	 0.499939
771	770	2	 1.000060	 0.500030
772	771	2	 1.000132	 0.500066
773	772	0	 0.000000	 0.000000
774	773	2	 0.999820	 0.499910
775	774	1	 0.500090	 0.500090
776	775	2	 1.000123	 0.500062
777	776	2	 1.000124	 0.500062
778	777	2	 0.999883	 0.499941
779	778	2	 1.000061	 0.500030
780	779	2	 1.000022	 0.500011
781	780	2	 1.000135	 0.500067
782	781	2	 1.000374	 0.500187
783	782	2	 1.000461	 0.500230
784	783	2	 1.000144	 0.500072
785	784	2	 0.999356	 0.499678
786	785	2	 0.999664	 0.499832
787	786	0	 0.000000	 0.000000
788	787	2	 0.999826	 0.499913
789	788	0	 0.000000	 0.000000
790	789	2	 1.000141	 0.500071
791	790	1	 0.500016	 0.500016
792	791	2	 0.999668	 0.499834
793	792	2	 0.999363	 0.499681
794	793	2	 1.000138	 0.500069
795	794	2	 1.000060	 0.500030
796	795	2	 0.999822	 0.499911
797	796	1	 0.500089	 0.500089
798	797	2	 1.000060	 0.500030
799	798	2	 0.999353	 0.499677
800	799	2	 0.999664	 0.499832
801	800	2	 1.000060	 0.500030
802	801	2	 0.999660	 0.499830
803	802	2	 1.000127	 0.500064
804	803	2	 1.000381	 0.500190
805	804	1	 0.500016	 0.500016
806	805	1	 0.500017	 0.500017
807	806	2	 0.999349	 0.499674
808	807	2	 1.000021	 0.500011
809	808	1	 0.500017	 0.500017
810	809	2	 1.000068	 0.500034
811	810	2	 1.000024	 0.500012
812	811	2	 0.999886	 0.499943
813	812	0	 0.000000	 0.000000
814	813	2	 0.999823	 0.499912
815	814	2	 1.000131	 0.500066
816	815	2	 1.000059	 0.500029
817	816	2	 1.000063	 0.500031
818	817	2	 1.000374	 0.500187
819	818	2	 1.000024	 0.500012
820	819	2	 0.999361	 0.499680
821	820	2	 0.999635	 0.499818
822	821	2	 0.999667	 0.499834
823	822	2	 0.999603	 0.499801
824	823	2	 1.000059	 0.500029
825	824	2	 1.000062	 0.500031
826	825	0	 0.000000	 0.000000
827	826	0	 0.000000	 0.000000
828	827	2	 0.999636	 0.499818
829	828	0	 0.000000	 0.000000
830	829	2	 0.999609	 0.499804
831	830	2	 1.000130	 0.500065
832	831	2	 0.999613	 0.499806
833	832	2	 1.000055	 0.500028
834	833	2	 0.999645	 0.499822
835	834	2	 1.000055	 0.500027
836	835	0	 0.000000	 0.000000
837	836	2	 0.999672	 0.499836
838	837	2	 0.999599	 0.499800
839	838	2	 0.999879	 0.499939
840	839	1	 0.500092	 0.500092
841	840	2	 0.999816	 0.499908
842	841	2	 0.999589	 0.499795
843	842	0	 0.000000	 0.000000
844	843	2	 1.000119	 0.500059
845	844	2	 1.000011	 0.500005
846	845	2	 0.999806	 0.499903
847	846	1	 0.500089	 0.500089
848	847	2	 0.999658	 0.499829
849	848	0	 0.000000	 0.000000
850	849	2	 0.999328	 0.499664
851	850	2	 0.999806	 0.499903
852	851	2	 0.999338	 0.499669
853	852	1	 0.500010	 0.500010
854	853	2	 1.000484	 0.500242
855	854	2	 1.000480	 0.500240
856	855	2	 0.999583	 0.499791
857	856	2	 1.000727	 0.500363
858	857	2	 1.000061	 0.500030
859	858	2	 1.000754	 0.500377
860	859	2	 1.000059	 0.500029
861	860	2	 0.999875	 0.499938
862	861	0	 0.000000	 0.000000
863	862	2	 1.000772	 0.500386
864	863	2	 1.000497	 0.500248
865	864	2	 1.000492	 0.500246
866	865	2	 1.000794	 0.500397
867	866	2	 0.999582	 0.499791
868	867	2	 0.999543	 0.499771
869	868	0	 0.000000	 0.000000
870	869	2	 0.999619	 0.499809
871	870	2	 1.000153	 0.500077
872	871	2	 0.999869	 0.499935
873	872	2	 1.000506	 0.500253
874	873	2	 1.000393	 0.500197
875	874	2	 1.000151	 0.500076
876	875	2	 1.000010	 0.500005
877	876	2	 1.000053	 0.500026
878	877	2	 0.999593	 0.499796
879	878	0	 0.000000	 0.000000
880	879	2	 0.999864	 0.499932
881	880	0	 0.000000	 0.000000
882	881	1	 0.500007	 0.500007
883	882	2	 0.999282	 0.499641
884	883	2	 1.000360	 0.500180
885	884	2	 1.000064	 0.500032
886	885	2	 0.999859	 0.499930
887	886	2	 1.000364	 0.500182
888	887	2	 1.000064	 0.500032
889	888	2	 1.000139	 0.500069
890	889	2	 1.000113	 0.500056
891	890	2	 0.999621	 0.499811
892	891	0	 0.000000	 0.000000
893	892	0	 0.000000	 0.000000
894	893	0	 0.000000	 0.000000
895	894	2	 0.999243	 0.499622
896	895	2	 1.000118	 0.500059
897	896	2	 1.000035	 0.500018
898	897	2	 1.000003	 0.500001
899	898	2	 1.000791	 0.500395
900	899	2	 1.000134	 0.500067
901	900	2	 0.999857	 0.499929
902	901	0	 0.000000	 0.000000
903	902	2	 0.999583	 0.499792
904	903	0	 0.000000	 0.000000
905	904	2	 0.999625	 0.499813
906	905	2	 1.000130	 0.500065
907	906	0	 0.000000	 0.000000
908	907	0	 0.000000	 0.000000
909	908	0	 0.000000	 0.000000
910	909	1	 0.500011	 0.500011
911	910	2	 1.000333	 0.500166
912	911	2	 1.000055	 0.500028
913	912	1	 0.500078	 0.500078
914	913	2	 0.999902	 0.499951
915	914	0	 0.000000	 0.000000
916	915	2	 0.999692	 0.499846
917	916	2	 0.999912	 0.499956
918	917	2	 1.000030	 0.500015
919	918	2	 0.999552	 0.499776
920	919	2	 1.000077	 0.500039
921	920	1	 0.500060	 0.500060
922	921	2	 0.999917	 0.499958
923	922	2	 1.000298	 0.500149
924	923	2	 1.000039	 0.500019
925	924	1	 0.500009	 0.500009
926	925	1	 0.500058	 0.500058
927	926	1	 0.500010	 0.500010
928	927	0	 0.000000	 0.000000
929	928	2	 0.999556	 0.499778
930	929	2	 1.000041	 0.500021
931	930	2	 1.000076	 0.500038
932	931	1	 0.500008	 0.500008
933	932	2	 0.999997	 0.499998
934	933	2	 0.999902	 0.499951
935	934	2	 1.000086	 0.500043
936	935	2	 1.000103	 0.500052
937	936	1	 0.500068	 0.500068
938	937	2	 1.000510	 0.500255
939	938	2	 1.000043	 0.500021
940	939	2	 1.000889	 0.500444
941	940	2	 1.000256	 0.500128
942	941	2	 1.000245	 0.500123
943	942	1	 0.500184	 0.500184
944	943	0	 0.000000	 0.000000
945	944	0	 0.000000	 0.000000
946	945	2	 0.999174	 0.499587
947	946	2	 1.000268	 0.500134
948	947	0	 0.000000	 0.000000
949	948	2	 1.001501	 0.500750
950	949	2	 1.000962	 0.500481
951	950	2	 0.999102	 0.499551
952	951	2	 1.000210	 0.500105
953	952	0	 0.000000	 0.000000
954	953	2	 1.000053	 0.500027
955	954	2	 0.999729	 0.499865
956	955	2	 1.000134	 0.500067
957	956	2	 0.999337	 0.499668
958	957	2	 0.999645	 0.499822
959	958	2	 1.001068	 0.500534
960	959	1	 0.500165	 0.500165
961	960	2	 1.000698	 0.500349
962	961	0	 0.000000	 0.000000
963	962	2	 1.000636	 0.500318
964	963	2	 0.999334	 0.499667
965	964	2	 1.000477	 0.500238
966	965	0	 0.000000	 0.000000
967	966	2	 1.000508	 0.500254
968	967	2	 0.998834	 0.499417
969	968	2	 1.000497	 0.500248
970	969	2	 1.001393	 0.500696
971	970	2	 1.000762	 0.500381
972	971	2	 1.000533	 0.500267
973	972	2	 0.999287	 0.499644
974	973	2	 1.000732	 0.500366
975	974	2	 1.000423	 0.500212
976	975	2	 0.999296	 0.499648
977	976	2	 1.000518	 0.500259
978	977	2	 1.000537	 0.500269
979	978	0	 0.000000	 0.000000
980	979	1	 0.500212	 0.500212
981	980	1	 0.500211	 0.500211
982	981	1	 0.500211	 0.500211
983	982	2	 0.999269	 0.499635
984	983	2	 1.001907	 0.500954
985	984	2	 1.000507	 0.500253
986	985	2	 1.000376	 0.500188
987	986	2	 1.001353	 0.500676
988	987	2	 1.000383	 0.500191
989	988	2	 0.999905	 0.499952
990	989	2	 1.001316	 0.500658
991	990	2	 1.000522	 0.500261
992	991	2	 1.000831	 0.500415
993	992	2	 1.001294	 0.500647
994	993	2	 1.000757	 0.500379
995	994	2	 0.999043	 0.499521
996	995	2	 1.000405	 0.500203
997	996	2	 1.001406	 0.500703
998	997	2	 1.000177	 0.500089
999	998	0	 0.000000	 0.000000
1000	999	2	 1.000909	 0.500454
1001	1000	1	 0.500139	 0.500139
1002	1001	2	 1.000174	 0.500087
1003	1002	2	 1.000427	 0.500213
1004	1003	2	 1.000174	 0.500087
1005	1004	2	 1.000794	 0.500397
1006	1005	0	 0.000000	 0.000000
1007	1006	2	 0.999737	 0.499869
1008	1007	2	 1.000415	 0.500208
1009	1008	2	 1.000174	 0.500087
1010	1009	0	 0.000000	 0.000000
1011	1010	2	 1.000768	 0.500384
1012	1011	2	 1.001450	 0.500725
1013	1012	2	 0.998463	 0.499231
1014	1013	1	 0.500240	 0.500240
1015	1014	2	 1.000803	 0.500401
1016	1015	2	 1.000504	 0.500252
1017	1016	2	 0.999018	 0.499509
1018	1017	2	 0.999143	 0.499572
1019	1018	2	 1.002312	 0.501156
1020	1019	2	 0.999877	 0.499939
1021	1020	2	 0.998458	 0.499229
1022	1021	2	 1.002288	 0.501144
1023	1022	2	 1.000422	 0.500211
1024	1023	0	 0.000000	 0.000000
1025	1024	2	 1.002295	 0.501148
1026	1025	2	 0.999721	 0.499861
1027	1026	1	 0.500137	 0.500137
1028	1027	2	 1.001378	 0.500689
1029	1028	2	 1.000804	 0.500402
1030	1029	2	 1.001441	 0.500720
1031	1030	1	 0.500241	 0.500241
1032	1031	2	 0.999109	 0.499554
1033	1032	0	 0.000000	 0.000000
1034	1033	2	 1.000431	 0.500215
1035	1034	2	 1.000451	 0.500225
1036	1035	2	 0.999136	 0.499568
1037	1036	2	 0.999016	 0.499508
1038	1037	2	 1.000529	 0.500264
1039	1038	2	 0.999717	 0.499859
1040	1039	2	 1.000534	 0.500267
1041	1040	2	 1.002229	 0.501115
1042	1041	2	 0.999126	 0.499563
1043	1042	2	 1.000903	 0.500452
1044	1043	2	 1.002258	 0.501129
