717
494
495
672
683
914
139
628
1007
976
602
412
1021
365
125
781
711
832
512
269
173
526
820
723
549
586
10
987
546
1023
620
1004
768
750
918
694
30
16
962
389
75
473
380
445
677
397
699
176
13
286
163
745
1010
101
372
311
592
721
355
452
925
54
678
245
824
74
917
944
258
661
857
84
809
611
91
86
734
1016
1026
842
698
642
643
19
719
229
233
576
171
1036
568
255
1039
11
532
608
635
688
240
338
949
751
246
454
345
752
749
153
191
804
619
570
640
190
948
610
870
330
434
878
552
218
350
116
89
590
12
334
385
27
489
920
82
446
765
130
259
657
1003
121
168
606
687
966
991
299
264
648
492
348
998
926
297
813
322
391
228
384
31
227
77
369
815
1035
673
939
649
513
64
230
399
956
868
989
564
974
405
309
160
660
282
201
448
748
846
115
428
975
284
167
195
583
83
540
923
416
970
603
892
710
554
377
786
924
945
242
854
1015
444
442
288
713
249
333
953
250
818
609
271
216
455
192
61
879
515
988
364
695
782
181
1031
285
763
594
1013
876
127
743
402
290
757
268
210
707
814
798
36
293
124
888
3
801
298
980
99
725
166
217
427
189
775
438
50
656
236
147
324
1019
97
963
760
456
375
584
571
1040
849
771
401
149
597
826
346
457
574
222
567
616
291
908
342
666
877
112
996
143
578
472
833
314
279
409
323
327
382
943
151
157
859
893
306
756
866
767
108
535
224
328
315
658
357
449
134
704
873
49
959
780
790
742
520
533
524
994
999
17
59
932
638
902
559
367
214
787
51
102
766
78
796
63
1000
20
855
261
430
433
411
867
4
43
978
145
808
1
45
461
505
34
335
193
958
802
1014
738
56
941
180
162
137
110
858
179
807
779
35
702
817
720
545
508
321
491
437
200
152
744
243
847
722
383
799
453
612
415
413
419
408
450
864
822
700
28
895
117
257
701
1033
639
547
183
244
622
37
1027
1018
252
296
1028
811
165
1029
424
884
788
185
206
816
280
897
1001
919
800
266
539
940
509
140
287
1034
248
215
921
663
621
630
459
349
741
203
1037
727
965
795
103
132
1030
625
913
690
209
226
360
501
66
1022
548
80
221
613
44
46
747
969
251
691
353
73
387
480
511
308
138
669
368
441
646
825
393
270
935
421
396
164
840
791
62
951
175
90
300
915
882
447
863
560
685
404
8
1025
712
934
498
709
41
274
76
652
1020
650
634
199
126
615
371
890
72
740
843
653
916
211
292
806
844
356
70
580
830
823
851
732
141
304
880
156
770
937
482
187
541
737
481
537
341
301
903
680
881
936
278
904
197
361
220
128
69
1042
516
841
736
829
517
862
837
262
585
237
758
618
972
910
544
739
889
406
828
317
253
281
67
856
493
47
275
464
490
122
92
803
53
474
901
1008
123
697
681
238
561
899
670
776
18
7
400
32
990
358
370
671
302
523
1012
558
390
601
898
886
497
1011
295
33
104
477
420
386
938
469
426
351
1041
25
79
838
325
689
354
379
983
429
551
764
575
71
154
728
761
144
510
94
933
362
588
861
254
312
952
984
529
887
827
305
129
821
637
363
543
604
376
794
247
845
373
942
58
118
865
466
260
55
883
724
805
531
605
87
954
655
961
993
225
587
506
633
598
277
705
6
267
955
422
927
519
326
39
557
715
403
463
14
872
834
839
810
148
107
607
793
777
120
1009
273
496
647
500
374
973
146
478
686
188
977
410
98
784
38
471
566
468
593
595
26
460
316
850
194
336
522
485
294
979
425
644
436
435
762
231
572
995
95
528
853
797
88
507
891
81
483
735
105
692
465
569
329
60
388
534
900
733
337
213
1038
178
431
631
161
223
831
693
518
894
232
239
212
930
150
589
992
462
381
636
407
754
550
1044
133
205
1006
836
263
591
731
283
119
1017
451
320
875
565
674
716
967
985
1043
514
395
957
922
109
968
340
352
135
182
307
158
1032
344
347
662
981
331
113
486
982
581
774
318
15
664
487
458
623
696
9
596
24
676
174
235
475
997
684
852
792
159
659
339
196
208
759
313
443
414
23
114
418
467
772
207
303
553
65
503
835
645
783
931
96
366
530
679
276
42
928
440
398
219
668
22
746
21
57
986
499
960
202
52
579
911
100
582
577
177
172
169
204
111
812
563
332
392
234
950
155
48
131
755
106
632
170
599
573
714
912
682
729
29
394
848
624
1002
860
641
871
753
654
198
432
479
675
289
359
5
906
378
488
40
439
907
1005
703
93
600
617
626
562
536
525
929
343
319
521
476
556
778
905
665
85
896
718
502
555
726
527
885
423
484
964
909
504
769
272
947
417
785
542
971
614
789
706
241
667
2
1024
68
142
470
627
629
946
310
256
730
186
874
869
136
265
708
819
538
773
651
184
