683
835
838
120
272
679
380
548
302
856
140
1005
570
777
603
125
567
733
756
243
545
960
605
456
162
463
669
539
340
875
150
523
739
416
968
783
883
455
691
818
921
662
896
417
29
845
299
236
659
901
807
639
641
912
79
173
399
592
153
671
521
377
283
443
1019
469
500
555
963
400
402
207
786
304
598
387
655
255
407
375
525
331
799
626
293
630
549
531
1013
995
904
230
441
857
474
980
251
706
177
100
914
427
571
326
7
813
228
208
1027
218
778
489
2
198
384
1035
217
287
19
690
907
906
999
258
342
309
785
371
800
543
748
1018
686
164
372
48
628
853
829
986
803
281
362
950
753
51
981
1040
81
510
607
949
482
816
418
917
631
378
311
396
314
519
33
250
928
535
1029
476
368
1007
96
709
849
542
801
730
484
461
550
994
17
676
789
771
163
952
212
933
770
269
35
504
687
931
596
678
971
871
290
475
225
382
406
685
170
446
759
367
506
615
737
409
288
703
166
1014
26
22
578
675
333
410
404
480
625
758
581
823
54
929
547
1023
223
1017
388
961
15
902
652
133
976
576
869
537
66
56
233
787
104
354
765
674
717
77
137
881
767
1000
882
345
957
433
505
187
490
593
919
772
937
498
978
697
426
643
664
637
178
702
616
790
90
859
313
839
979
916
761
144
852
842
497
337
358
1003
621
69
892
760
722
165
884
321
526
87
854
141
129
412
454
645
989
18
365
742
245
436
735
202
1025
568
619
810
773
421
67
640
746
370
826
784
910
716
775
941
635
958
113
844
512
339
397
766
235
323
102
920
982
322
114
774
329
779
565
817
483
179
726
821
990
97
209
918
71
1033
768
28
452
908
408
580
266
40
312
486
478
389
459
557
39
633
159
285
727
411
131
275
860
30
841
222
930
274
430
533
468
582
670
204
806
366
814
279
185
1038
661
487
46
121
493
240
1036
471
966
262
987
65
4
579
335
315
499
330
435
8
681
282
677
636
1008
148
559
157
684
776
369
847
893
246
249
348
553
161
393
563
394
320
373
398
953
946
612
349
316
383
234
261
922
934
939
36
561
668
256
16
984
704
527
594
711
14
719
216
569
876
587
627
1028
91
25
239
405
897
244
665
465
886
420
267
350
450
464
442
145
964
253
346
458
175
861
319
135
134
413
160
189
660
379
24
969
296
546
880
802
1004
6
49
552
292
707
78
494
529
936
588
205
72
110
867
736
327
174
453
729
663
822
260
858
585
215
116
470
905
544
467
624
85
688
638
390
769
257
88
265
795
602
943
11
695
82
840
629
983
954
935
646
599
1030
866
357
254
428
798
1044
1020
574
940
745
827
991
355
1002
894
648
609
972
219
306
127
130
734
511
438
188
241
725
156
782
811
298
763
942
909
572
650
507
536
263
863
334
1011
143
837
184
891
273
998
154
80
192
58
993
61
52
415
564
68
850
332
118
103
618
158
363
887
741
718
496
44
696
926
60
180
214
613
1015
997
444
573
303
879
98
985
138
47
1001
1012
152
155
632
885
794
356
831
343
947
556
242
182
193
111
604
551
611
644
825
492
55
451
843
530
109
229
351
723
700
988
89
99
73
64
277
915
699
376
528
336
518
752
747
870
305
128
522
728
514
877
360
658
608
927
341
705
634
203
541
851
59
620
147
708
501
956
693
913
751
284
95
538
673
1022
381
338
749
781
1009
1024
820
146
558
70
900
815
195
694
698
317
874
606
503
264
623
83
297
948
647
294
247
1
466
762
196
962
731
692
601
996
873
1031
804
364
139
788
32
672
992
86
325
117
1032
386
938
974
289
479
540
84
194
57
391
45
653
74
848
586
448
132
5
923
819
732
472
977
622
720
1037
764
495
833
252
352
92
951
108
944
295
895
534
1039
201
473
689
973
10
1010
462
932
395
657
617
50
513
524
554
62
945
744
107
119
432
151
855
38
353
126
211
589
878
1021
583
227
682
1026
740
123
830
1042
437
520
210
614
385
515
206
721
238
439
757
924
868
864
248
344
738
23
347
1043
403
965
9
176
828
575
959
824
434
115
780
460
975
41
318
3
715
750
714
597
516
600
925
190
888
136
797
374
278
124
566
270
701
280
713
392
171
796
517
259
142
429
213
509
595
286
42
401
200
584
590
169
642
183
106
560
712
656
1041
1016
955
172
532
191
168
793
898
300
562
310
457
231
361
291
846
666
12
93
447
31
276
440
414
268
865
755
20
149
862
970
112
431
1034
53
903
724
271
27
680
445
301
199
836
654
220
890
449
508
221
226
307
889
328
485
805
502
1006
37
754
834
425
232
197
911
105
419
710
651
167
477
43
424
13
34
649
423
967
324
792
122
359
101
832
224
75
872
76
809
237
481
812
63
667
21
422
488
181
577
743
308
899
591
610
94
791
808
186
491
