684
1012
233
626
511
696
331
956
241
608
422
351
514
927
369
789
413
594
933
185
70
674
572
90
740
507
291
192
858
702
32
109
1016
861
20
584
193
229
757
865
503
766
441
250
255
539
432
346
23
589
733
230
781
394
699
451
964
310
528
659
867
22
420
545
384
410
260
834
968
935
843
489
656
836
769
287
554
827
937
768
855
339
578
602
324
763
147
693
820
323
1023
43
890
168
117
1021
473
59
895
558
535
741
497
631
103
918
446
379
850
942
803
482
292
157
922
606
607
729
182
917
25
1001
591
840
18
1010
167
1034
844
81
762
595
983
808
576
258
362
903
47
493
616
31
54
579
923
350
770
653
1027
433
7
896
623
113
180
839
906
620
870
364
315
783
973
405
375
938
957
804
716
377
93
725
894
60
634
723
134
1011
36
159
566
527
6
219
949
902
359
862
669
91
901
453
525
122
880
691
1
1038
571
838
677
238
300
936
984
717
516
869
778
476
847
592
385
443
151
852
313
94
583
202
78
366
367
461
299
802
343
345
946
805
139
337
701
16
365
940
391
221
672
126
965
523
8
897
813
747
341
380
395
57
402
826
87
439
249
585
479
243
457
697
172
743
100
1040
739
284
612
853
263
945
146
186
556
856
598
85
492
698
830
478
9
155
967
986
690
108
643
488
123
124
289
788
670
409
712
319
821
464
425
961
174
17
833
929
893
142
627
714
872
759
934
252
995
389
29
871
1037
851
985
294
756
242
884
40
265
498
114
392
153
236
812
930
434
267
735
334
859
866
191
1003
530
777
338
416
138
276
95
660
881
88
745
905
931
555
148
987
1004
131
754
900
396
562
529
534
282
695
912
46
721
521
744
403
526
382
1024
837
582
580
548
449
518
1036
617
648
189
538
772
886
424
797
785
183
924
355
625
354
444
92
130
654
427
993
437
104
423
760
1042
719
655
436
226
171
831
679
666
79
959
283
152
240
860
118
713
158
846
1035
445
419
665
135
105
201
913
266
958
256
328
954
997
536
214
951
133
915
19
658
295
509
564
887
107
286
177
630
751
411
136
732
632
517
125
629
386
1039
928
919
898
387
878
593
264
106
814
764
899
615
247
15
401
998
999
11
972
279
932
533
296
166
302
767
145
969
74
35
356
731
559
205
234
673
688
1015
297
51
1008
849
590
368
676
962
3
875
635
452
879
361
966
150
89
399
647
817
298
792
904
73
822
314
357
780
549
664
586
841
941
169
76
1018
736
845
779
737
746
376
477
48
1025
121
722
668
459
176
557
599
272
195
563
715
980
547
257
137
752
140
682
705
761
462
806
842
651
710
129
989
708
515
198
407
273
165
316
678
353
196
532
920
237
596
415
1029
162
24
349
42
170
293
215
982
141
83
818
317
611
644
112
61
909
600
342
33
235
388
34
62
952
791
581
976
456
960
280
944
707
815
531
524
418
609
75
111
504
470
480
204
848
1026
782
787
1014
1002
321
72
798
574
1041
807
77
306
553
224
560
41
784
552
753
5
429
27
495
724
948
101
1017
975
706
502
303
65
398
981
650
950
540
700
450
458
80
1019
82
510
218
786
873
217
891
305
622
28
1043
327
512
885
144
742
175
569
738
86
143
474
1031
487
435
227
431
200
908
501
494
704
633
801
499
687
486
178
52
573
333
44
1032
877
428
271
290
373
955
718
64
430
383
404
66
116
213
610
132
816
996
440
39
882
513
119
344
223
49
1006
348
758
637
378
991
825
50
472
1044
963
102
604
971
544
561
239
330
978
128
352
120
663
161
765
455
990
421
326
156
110
646
371
253
325
322
675
876
726
53
694
863
621
1033
210
793
522
692
278
4
657
220
184
274
750
245
259
1030
197
809
588
194
308
686
374
254
98
857
711
567
268
248
914
640
776
907
465
889
1005
619
892
1000
164
206
970
916
475
56
681
179
244
671
181
605
639
491
154
460
703
835
689
10
921
448
96
335
454
115
755
372
683
800
911
685
58
575
828
854
340
417
216
628
311
988
69
14
188
979
275
390
468
542
662
483
728
463
469
720
408
926
734
222
811
823
520
320
601
496
709
551
485
467
2
649
774
447
187
974
1028
543
288
1022
587
45
309
466
68
208
727
667
67
874
370
864
30
360
795
190
84
99
71
209
304
261
925
546
500
203
568
613
749
277
481
943
947
363
329
642
212
246
471
438
771
824
301
618
577
614
505
97
506
414
26
127
270
570
12
652
199
13
332
173
541
799
38
550
211
910
442
55
597
641
149
163
285
624
225
636
1013
426
1009
994
829
775
603
231
307
888
519
1007
484
680
868
977
207
810
790
262
347
400
794
992
393
645
312
537
883
228
381
773
336
565
661
953
819
508
358
397
269
638
160
406
490
251
37
63
748
730
796
318
1020
832
21
412
939
232
281
