308
293
956
1035
88
706
353
270
736
888
851
530
632
942
939
973
701
881
109
719
404
159
739
436
619
531
211
808
504
220
301
16
725
187
22
562
241
930
628
473
152
616
556
737
790
3
189
114
402
533
767
607
480
73
657
311
376
210
149
335
228
759
659
727
997
1025
835
38
896
284
502
604
256
617
76
549
755
442
440
570
299
126
624
72
943
503
773
156
49
551
429
505
748
124
120
477
838
571
535
371
1008
689
141
947
374
193
633
137
485
60
959
903
649
883
47
81
979
471
19
1018
456
845
998
359
592
183
508
529
833
367
1041
175
148
821
205
771
59
121
54
100
181
122
411
844
806
801
342
11
781
753
29
644
1023
978
667
494
714
153
718
656
99
469
981
995
9
579
259
525
855
20
424
793
493
108
954
143
852
522
258
327
501
316
25
680
290
574
843
185
791
532
662
113
548
913
608
132
57
2
247
907
583
615
80
340
58
430
1010
432
235
382
577
474
174
924
1004
105
461
31
379
940
668
136
425
937
622
14
271
740
44
820
602
42
856
278
832
40
1027
743
470
1038
465
938
864
435
964
449
410
731
269
74
889
94
516
312
946
611
417
285
266
23
842
85
409
323
780
510
102
898
422
483
721
140
810
768
142
884
419
815
1006
669
455
347
921
337
834
115
79
722
368
405
1036
90
50
922
492
593
717
540
18
206
586
204
869
544
911
51
71
950
985
197
733
603
751
635
555
41
957
328
412
313
243
568
765
882
984
817
671
830
629
330
476
303
795
253
916
1019
272
310
315
458
677
6
106
369
822
752
32
84
322
676
216
63
182
948
695
839
295
357
416
21
370
475
1033
927
203
691
389
741
1030
499
208
847
386
219
498
711
703
594
652
894
754
738
45
1002
890
682
989
559
151
238
326
598
915
757
129
874
277
690
897
67
816
4
645
166
118
184
128
796
162
306
786
625
905
941
639
620
999
230
1028
309
418
613
966
783
35
996
488
358
875
62
664
953
1021
565
749
348
655
345
955
809
1005
590
77
642
294
314
707
450
355
557
236
399
300
177
640
566
96
255
1044
1014
1031
708
1026
346
600
519
983
302
125
400
486
1
139
209
178
144
840
986
66
338
849
860
746
196
46
250
868
606
56
917
201
262
491
904
666
261
829
434
589
229
497
194
511
572
1024
292
117
663
336
12
584
463
217
975
971
441
867
527
576
558
104
426
363
239
403
170
1013
221
665
304
521
160
356
180
769
542
914
222
878
750
627
5
800
375
484
495
244
524
573
1007
887
857
291
433
249
179
536
472
601
459
354
489
967
612
36
637
289
895
526
539
846
692
421
756
931
13
254
500
700
227
674
225
782
283
764
325
693
854
963
605
451
811
798
509
168
841
380
730
240
697
563
164
819
925
460
1022
980
926
552
994
735
158
127
273
685
1012
212
520
130
496
75
872
163
390
364
223
427
807
614
618
828
401
65
305
653
932
482
150
82
567
169
858
318
147
362
900
886
101
307
207
704
912
161
758
8
934
929
785
696
329
110
760
1000
610
587
945
789
992
155
397
138
561
513
287
202
679
902
466
506
720
675
439
39
288
569
933
936
621
575
636
641
296
776
824
729
991
134
276
443
237
173
951
958
546
257
862
863
1017
885
935
647
965
918
560
582
339
726
111
279
827
190
952
332
901
394
413
264
30
976
595
861
171
1020
906
385
507
119
200
859
799
982
478
944
265
145
564
747
1029
713
176
395
762
788
865
742
448
1040
609
1034
381
712
360
651
581
415
678
172
515
64
372
960
528
467
866
263
365
378
195
281
643
710
650
891
877
28
392
794
545
324
910
987
1016
1001
591
396
420
961
654
252
167
341
784
349
805
823
344
836
648
792
802
414
234
523
673
683
275
452
537
131
876
681
10
191
969
512
818
638
831
398
1015
626
920
687
1039
116
778
777
837
188
86
214
825
462
431
723
388
634
343
578
968
977
732
661
233
646
873
814
213
850
670
1011
351
17
70
908
69
377
538
165
880
770
226
709
848
224
454
993
686
923
481
547
1003
585
361
186
962
198
812
599
423
383
437
779
317
406
107
33
623
61
479
280
826
870
408
853
694
734
744
333
34
761
972
192
97
391
787
320
660
658
444
715
550
373
534
89
103
588
91
688
43
246
366
78
7
154
892
267
87
553
53
428
949
331
384
48
52
580
909
215
93
630
199
766
772
804
705
1037
15
453
974
871
123
763
407
596
92
813
286
554
684
745
514
803
518
112
699
724
438
68
24
135
445
319
919
672
95
879
37
698
541
27
55
98
517
321
26
242
447
334
702
268
260
245
157
899
387
282
970
468
490
631
83
464
274
1009
487
251
350
446
797
297
232
1043
146
775
988
990
893
457
1032
231
716
1042
352
248
928
543
393
774
298
218
597
728
133
