1011
113
654
553
117
371
686
516
940
250
495
96
577
793
536
14
675
1019
121
387
427
415
882
484
907
269
814
118
635
540
479
998
497
791
161
816
835
622
324
208
604
603
456
601
225
592
866
535
380
959
705
483
955
894
546
122
277
765
59
182
63
771
844
339
1029
375
799
200
919
666
9
330
599
431
382
933
964
347
980
518
616
514
996
619
588
990
657
891
486
522
863
364
132
392
753
54
1032
984
638
582
623
60
27
1008
383
422
687
154
730
180
476
786
685
119
71
739
414
928
945
951
963
767
817
396
991
903
1038
999
335
492
795
477
285
133
332
719
446
183
305
123
943
1009
66
171
270
258
90
805
362
865
912
877
869
443
1024
513
366
742
48
811
22
519
176
716
544
572
853
746
823
613
352
1
758
512
368
900
987
302
342
451
637
111
393
917
810
602
388
788
359
34
174
278
453
796
743
418
636
857
458
559
798
871
252
20
38
856
779
888
855
831
165
228
106
2
676
840
558
965
725
420
316
430
175
12
669
1037
399
455
678
267
229
195
87
541
529
533
68
266
828
461
985
216
70
548
238
445
922
220
365
222
664
126
995
800
309
1004
769
644
441
747
954
407
215
321
478
879
494
288
901
874
6
255
21
378
249
583
212
232
509
306
915
568
24
966
849
28
82
49
726
125
280
537
350
709
977
978
421
322
231
227
464
115
185
766
218
773
833
628
11
217
374
521
46
152
968
273
61
625
325
116
837
389
596
360
735
243
899
89
586
472
86
790
251
861
830
94
682
631
460
36
29
57
704
1021
598
997
376
107
45
949
755
927
409
1033
412
7
264
41
962
934
886
515
728
390
435
694
651
247
680
1039
864
829
1031
501
18
353
91
1041
938
253
279
615
832
44
741
920
782
754
565
401
144
942
621
156
39
507
740
643
289
648
549
491
488
517
732
465
47
683
17
416
924
261
780
226
775
645
199
301
504
640
695
172
581
632
158
241
201
432
130
93
178
661
787
714
300
203
127
551
988
902
480
129
606
846
715
642
291
539
244
566
53
320
826
594
85
99
363
100
437
75
690
1028
81
204
710
567
307
459
370
1017
188
160
542
245
650
878
340
590
438
361
43
452
561
693
760
806
994
189
655
520
707
1016
263
908
733
211
941
611
109
429
688
932
679
953
481
444
595
576
579
564
724
405
223
781
150
593
134
597
923
254
918
395
10
634
768
720
971
164
373
1001
31
177
233
1025
506
772
699
210
372
447
295
617
547
196
490
748
299
950
560
293
419
812
224
875
25
102
843
439
234
717
1035
65
317
256
860
341
543
482
108
397
573
151
298
624
958
162
98
785
802
612
110
308
498
16
992
138
141
858
759
139
402
589
807
74
326
979
448
292
808
124
64
591
314
881
197
776
852
698
170
607
84
738
15
721
556
904
974
343
967
848
819
137
935
190
454
489
105
184
750
574
246
73
271
983
665
868
281
913
937
155
887
357
1036
890
181
656
649
961
905
242
749
386
764
466
433
4
128
982
847
219
1014
468
524
410
26
944
473
1044
562
333
23
400
346
663
149
647
834
142
731
575
77
677
236
673
751
403
101
841
646
850
884
972
696
265
394
88
947
652
892
531
37
734
809
737
318
408
221
56
639
761
275
30
1020
906
1000
689
369
618
527
5
69
319
925
821
822
570
349
660
525
851
1022
641
804
367
95
713
854
153
146
206
910
674
700
257
614
323
898
929
287
508
670
1023
114
417
883
672
981
722
345
552
554
1030
872
659
580
42
727
784
282
283
777
610
939
931
914
1005
1034
893
463
736
230
457
485
729
867
880
338
1007
756
668
691
334
794
701
358
406
331
789
818
62
545
970
136
969
792
859
159
609
500
198
239
276
569
692
681
825
103
450
235
423
426
214
538
336
260
502
845
757
956
131
836
356
385
820
801
312
424
310
344
745
67
440
626
584
763
783
493
989
770
718
585
294
262
50
79
752
470
993
973
272
259
411
571
205
986
329
662
1015
897
474
667
511
671
428
930
909
600
337
813
348
240
838
526
169
1026
462
8
620
449
1043
505
712
194
510
135
33
921
633
803
327
467
58
469
960
762
381
873
563
207
1002
885
503
946
475
13
911
80
191
297
19
578
425
926
896
284
550
78
629
52
351
706
827
948
684
1012
51
120
163
870
976
40
916
145
379
148
377
532
824
708
487
384
187
167
697
202
157
179
1013
303
209
35
436
355
530
1010
528
895
296
83
1006
702
797
778
140
876
839
55
815
608
703
173
315
404
471
328
248
413
354
32
3
557
952
744
1003
499
97
391
274
889
587
1040
1042
630
304
168
192
957
534
523
605
1027
658
842
313
193
290
975
555
774
496
213
398
711
72
186
147
653
237
434
723
268
92
862
166
627
936
1018
112
286
76
104
442
311
143
