1	0	2	 0.999459	 0.499730
2	1	2	 0.999316	 0.499658
3	2	1	 0.500139	 0.500139
4	3	2	 1.000127	 0.500063
5	4	2	 1.000098	 0.500049
6	5	2	 0.999691	 0.499846
7	6	2	 0.999585	 0.499793
8	7	2	 1.000283	 0.500142
9	8	0	 0.000000	 0.000000
10	9	2	 0.999823	 0.499911
11	10	2	 0.999778	 0.499889
12	11	2	 0.999392	 0.499696
13	12	2	 1.000312	 0.500156
14	13	0	 0.000000	 0.000000
15	14	2	 0.999815	 0.499908
16	15	2	 0.999508	 0.499754
17	16	2	 0.999495	 0.499747
18	17	2	 0.999644	 0.499822
19	18	2	 1.000295	 0.500147
20	19	2	 0.999439	 0.499720
21	20	2	 0.999740	 0.499870
22	21	2	 0.999558	 0.499779
23	22	2	 1.000105	 0.500052
24	23	2	 0.999731	 0.499865
25	24	2	 0.999509	 0.499754
26	25	2	 1.000107	 0.500053
27	26	1	 0.499954	 0.499954
28	27	2	 0.999724	 0.499862
29	28	2	 0.999786	 0.499893
30	29	2	 1.000077	 0.500038
31	30	2	 0.999831	 0.499915
32	31	1	 0.500123	 0.500123
33	32	2	 1.000256	 0.500128
34	33	2	 0.999529	 0.499764
35	34	1	 0.500125	 0.500125
36	35	2	 0.999781	 0.499890
37	36	2	 1.000080	 0.500040
38	37	2	 0.999395	 0.499698
39	38	2	 0.999615	 0.499807
40	39	2	 1.000324	 0.500162
41	40	2	 0.999613	 0.499807
42	41	2	 1.000189	 0.500094
43	42	2	 0.999800	 0.499900
44	43	2	 0.999614	 0.499807
45	44	2	 0.999779	 0.499890
46	45	2	 0.999779	 0.499889
47	46	2	 0.999449	 0.499725
48	47	2	 0.999510	 0.499755
49	48	2	 0.999706	 0.499853
50	49	2	 1.000279	 0.500139
51	50	2	 1.000344	 0.500172
52	51	2	 1.000340	 0.500170
53	52	2	 0.999791	 0.499895
54	53	0	 0.000000	 0.000000
55	54	1	 0.500132	 0.500132
56	55	2	 1.000085	 0.500043
57	56	2	 0.999767	 0.499884
58	57	2	 1.000339	 0.500170
59	58	0	 0.000000	 0.000000
60	59	1	 0.499954	 0.499954
61	60	2	 0.999766	 0.499883
62	61	2	 1.000202	 0.500101
63	62	0	 0.000000	 0.000000
64	63	2	 0.999792	 0.499896
65	64	2	 0.999435	 0.499718
66	65	1	 0.499954	 0.499954
67	66	2	 1.000200	 0.500100
68	67	2	 0.999357	 0.499679
69	68	2	 1.000087	 0.500044
70	69	2	 0.999362	 0.499681
71	70	1	 0.499953	 0.499953
72	71	0	 0.000000	 0.000000
73	72	2	 0.999793	 0.499897
74	73	2	 0.999431	 0.499716
75	74	2	 0.999785	 0.499892
76	75	0	 0.000000	 0.000000
77	76	2	 1.000126	 0.500063
78	77	2	 1.000355	 0.500178
79	78	2	 1.000288	 0.500144
80	79	2	 1.000355	 0.500177
81	80	2	 0.999779	 0.499889
82	81	2	 0.999695	 0.499847
83	82	1	 0.500139	 0.500139
84	83	2	 0.999788	 0.499894
85	84	2	 0.999780	 0.499890
86	85	2	 0.999757	 0.499878
87	86	2	 0.999339	 0.499670
88	87	2	 1.000127	 0.500064
89	88	2	 0.999757	 0.499878
90	89	1	 0.499950	 0.499950
91	90	2	 0.999595	 0.499797
92	91	0	 0.000000	 0.000000
93	92	2	 0.999411	 0.499705
94	93	2	 0.999768	 0.499884
95	94	2	 1.000084	 0.500042
96	95	0	 0.000000	 0.000000
97	96	1	 0.500115	 0.500115
98	97	2	 0.999521	 0.499761
99	98	2	 0.999823	 0.499911
100	99	2	 0.999820	 0.499910
101	100	2	 1.000098	 0.500049
102	101	2	 0.999569	 0.499784
103	102	2	 1.000158	 0.500079
104	103	0	 0.000000	 0.000000
105	104	2	 0.999850	 0.499925
106	105	2	 0.999495	 0.499747
107	106	2	 0.999820	 0.499910
108	107	2	 0.999584	 0.499792
109	108	2	 0.999835	 0.499918
110	109	2	 0.999589	 0.499794
111	110	2	 0.999614	 0.499807
112	111	0	 0.000000	 0.000000
113	112	0	 0.000000	 0.000000
114	113	2	 1.000154	 0.500077
115	114	2	 0.999827	 0.499913
116	115	2	 0.999822	 0.499911
117	116	0	 0.000000	 0.000000
118	117	0	 0.000000	 0.000000
119	118	1	 0.499961	 0.499961
120	119	2	 1.000257	 0.500128
121	120	0	 0.000000	 0.000000
122	121	0	 0.000000	 0.000000
123	122	1	 0.499960	 0.499960
124	123	2	 0.999615	 0.499808
125	124	2	 0.999787	 0.499893
126	125	2	 0.999788	 0.499894
127	126	2	 0.999599	 0.499799
128	127	2	 1.000082	 0.500041
129	128	2	 0.999610	 0.499805
130	129	2	 0.999608	 0.499804
131	130	2	 1.000139	 0.500069
132	131	0	 0.000000	 0.000000
133	132	1	 0.499963	 0.499963
134	133	2	 0.999870	 0.499935
135	134	2	 1.000204	 0.500102
136	135	2	 1.000152	 0.500076
137	136	2	 0.999853	 0.499927
138	137	2	 0.999573	 0.499786
139	138	2	 0.999571	 0.499785
140	139	1	 0.500101	 0.500101
141	140	2	 0.999566	 0.499783
142	141	2	 1.000098	 0.500049
143	142	0	 0.000000	 0.000000
144	143	2	 0.999645	 0.499823
145	144	2	 1.000295	 0.500148
146	145	2	 1.000078	 0.500039
147	146	0	 0.000000	 0.000000
148	147	2	 1.000293	 0.500147
149	148	2	 1.000105	 0.500053
150	149	2	 0.999840	 0.499920
151	150	2	 0.999524	 0.499762
152	151	2	 0.999794	 0.499897
153	152	2	 1.000074	 0.500037
154	153	1	 0.499957	 0.499957
155	154	2	 0.999829	 0.499914
156	155	2	 0.999623	 0.499811
157	156	1	 0.500119	 0.500119
158	157	2	 0.999468	 0.499734
159	158	2	 1.000193	 0.500097
160	159	2	 0.999802	 0.499901
161	160	0	 0.000000	 0.000000
162	161	2	 0.999467	 0.499733
163	162	2	 1.000328	 0.500164
164	163	2	 0.999821	 0.499911
165	164	2	 0.999373	 0.499686
166	165	0	 0.000000	 0.000000
167	166	1	 0.500131	 0.500131
168	167	0	 0.000000	 0.000000
169	168	2	 1.000283	 0.500142
170	169	2	 0.999787	 0.499893
171	170	1	 0.499952	 0.499952
172	171	2	 0.999419	 0.499709
173	172	1	 0.500135	 0.500135
174	173	2	 0.999483	 0.499741
175	174	2	 0.999341	 0.499670
176	175	2	 0.999478	 0.499739
177	176	2	 0.999810	 0.499905
178	177	2	 0.999400	 0.499700
179	178	1	 0.500139	 0.500139
180	179	1	 0.499950	 0.499950
181	180	2	 0.999788	 0.499894
182	181	0	 0.000000	 0.000000
183	182	1	 0.499950	 0.499950
184	183	2	 0.999783	 0.499892
185	184	2	 0.999751	 0.499876
186	185	0	 0.000000	 0.000000
187	186	1	 0.500140	 0.500140
188	187	2	 0.999777	 0.499889
189	188	2	 0.999778	 0.499889
190	189	2	 0.999781	 0.499891
191	190	2	 1.000365	 0.500183
192	191	0	 0.000000	 0.000000
193	192	0	 0.000000	 0.000000
194	193	2	 1.000296	 0.500148
195	194	2	 0.999324	 0.499662
196	195	2	 0.999805	 0.499902
197	196	2	 0.999777	 0.499888
198	197	2	 1.000221	 0.500111
199	198	2	 0.999385	 0.499692
200	199	0	 0.000000	 0.000000
201	200	2	 0.999377	 0.499689
202	201	1	 0.500145	 0.500145
203	202	2	 0.999381	 0.499690
204	203	2	 0.999775	 0.499888
205	204	2	 1.000303	 0.500151
206	205	2	 1.000094	 0.500047
207	206	2	 1.000370	 0.500185
208	207	0	 0.000000	 0.000000
209	208	1	 0.500144	 0.500144
210	209	2	 0.999802	 0.499901
211	210	2	 0.999772	 0.499886
212	211	2	 0.999677	 0.499839
213	212	0	 0.000000	 0.000000
214	213	2	 1.000225	 0.500113
215	214	2	 0.999678	 0.499839
216	215	2	 0.999305	 0.499652
217	216	2	 0.999744	 0.499872
218	217	2	 0.999743	 0.499872
219	218	2	 1.000131	 0.500066
220	219	2	 0.999310	 0.499655
221	220	2	 1.000093	 0.500047
222	221	2	 0.999301	 0.499650
223	222	2	 0.999798	 0.499899
224	223	2	 0.999383	 0.499691
225	224	0	 0.000000	 0.000000
226	225	2	 0.999376	 0.499688
227	226	2	 0.999675	 0.499837
228	227	2	 0.999298	 0.499649
229	228	2	 0.999301	 0.499650
230	229	2	 1.000223	 0.500111
231	230	2	 0.999674	 0.499837
232	231	2	 0.999673	 0.499837
233	232	2	 0.999798	 0.499899
234	233	2	 0.999374	 0.499687
235	234	2	 1.000226	 0.500113
236	235	2	 1.000133	 0.500067
237	236	0	 0.000000	 0.000000
238	237	2	 0.999296	 0.499648
239	238	2	 1.000227	 0.500114
240	239	2	 1.000306	 0.500153
241	240	2	 0.999370	 0.499685
242	241	2	 0.999769	 0.499884
243	242	2	 0.999743	 0.499871
244	243	2	 0.999378	 0.499689
245	244	2	 0.999774	 0.499887
246	245	2	 0.999770	 0.499885
247	246	2	 0.999561	 0.499781
248	247	1	 0.500143	 0.500143
249	248	2	 0.999681	 0.499841
250	249	0	 0.000000	 0.000000
251	250	2	 0.999754	 0.499877
252	251	2	 0.999333	 0.499667
253	252	2	 0.999572	 0.499786
254	253	2	 0.999810	 0.499905
255	254	2	 0.999692	 0.499846
256	255	2	 0.999404	 0.499702
257	256	2	 1.000095	 0.500047
258	257	1	 0.499953	 0.499953
259	258	2	 1.000292	 0.500146
260	259	2	 1.000219	 0.500109
261	260	2	 0.999410	 0.499705
262	261	2	 1.000287	 0.500144
263	262	2	 0.999792	 0.499896
264	263	2	 0.999580	 0.499790
265	264	2	 1.000121	 0.500061
266	265	2	 0.999343	 0.499672
267	266	2	 0.999346	 0.499673
268	267	0	 0.000000	 0.000000
269	268	0	 0.000000	 0.000000
270	269	1	 0.499953	 0.499953
271	270	2	 0.999792	 0.499896
272	271	2	 1.000278	 0.500139
273	272	2	 0.999763	 0.499882
274	273	1	 0.500135	 0.500135
275	274	2	 1.000089	 0.500044
276	275	2	 1.000205	 0.500103
277	276	0	 0.000000	 0.000000
278	277	2	 0.999493	 0.499746
279	278	2	 0.999592	 0.499796
280	279	2	 0.999708	 0.499854
281	280	2	 0.999804	 0.499902
282	281	2	 1.000209	 0.500105
283	282	2	 1.000210	 0.500105
284	283	2	 1.000337	 0.500169
285	284	1	 0.499948	 0.499948
286	285	0	 0.000000	 0.000000
287	286	2	 1.000094	 0.500047
288	287	2	 0.999714	 0.499857
289	288	2	 0.999589	 0.499795
290	289	0	 0.000000	 0.000000
291	290	2	 0.999433	 0.499716
292	291	2	 0.999469	 0.499735
293	292	2	 0.999824	 0.499912
294	293	2	 1.000275	 0.500137
295	294	2	 0.999827	 0.499914
296	295	1	 0.500120	 0.500120
297	296	2	 1.000305	 0.500153
298	297	2	 0.999497	 0.499748
299	298	2	 0.999831	 0.499916
300	299	2	 0.999469	 0.499734
301	300	2	 0.999463	 0.499732
302	301	2	 0.999536	 0.499768
303	302	1	 0.500117	 0.500117
304	303	0	 0.000000	 0.000000
305	304	1	 0.499948	 0.499948
306	305	2	 0.999735	 0.499867
307	306	2	 0.999834	 0.499917
308	307	2	 0.999539	 0.499770
309	308	2	 0.999751	 0.499875
310	309	2	 1.000168	 0.500084
311	310	0	 0.000000	 0.000000
312	311	2	 1.000174	 0.500087
313	312	0	 0.000000	 0.000000
314	313	2	 0.999839	 0.499920
315	314	1	 0.500109	 0.500109
316	315	2	 0.999450	 0.499725
317	316	2	 0.999541	 0.499771
318	317	2	 1.000075	 0.500037
319	318	2	 1.000075	 0.500038
320	319	2	 0.999829	 0.499915
321	320	2	 0.999750	 0.499875
322	321	2	 0.999758	 0.499879
323	322	2	 1.000070	 0.500035
324	323	0	 0.000000	 0.000000
325	324	2	 0.999803	 0.499901
326	325	2	 0.999521	 0.499761
327	326	2	 1.000260	 0.500130
328	327	1	 0.500109	 0.500109
329	328	2	 1.000252	 0.500126
330	329	0	 0.000000	 0.000000
331	330	2	 1.000188	 0.500094
332	331	1	 0.499959	 0.499959
333	332	2	 1.000106	 0.500053
334	333	2	 1.000187	 0.500094
335	334	1	 0.499958	 0.499958
336	335	2	 1.000190	 0.500095
337	336	2	 1.000246	 0.500123
338	337	2	 1.000185	 0.500093
339	338	0	 0.000000	 0.000000
340	339	2	 0.999808	 0.499904
341	340	2	 0.999536	 0.499768
342	341	2	 0.999546	 0.499773
343	342	2	 0.999838	 0.499919
344	343	2	 1.000195	 0.500097
345	344	2	 1.000192	 0.500096
346	345	2	 1.000112	 0.500056
347	346	0	 0.000000	 0.000000
348	347	2	 1.000265	 0.500132
349	348	2	 1.000078	 0.500039
350	349	2	 0.999732	 0.499866
351	350	2	 1.000312	 0.500156
352	351	2	 0.999542	 0.499771
353	352	2	 0.999618	 0.499809
354	353	1	 0.500117	 0.500117
355	354	1	 0.500116	 0.500116
356	355	2	 1.000194	 0.500097
357	356	2	 0.999830	 0.499915
358	357	2	 1.000193	 0.500096
359	358	2	 0.999524	 0.499762
360	359	2	 0.999775	 0.499888
361	360	2	 0.999800	 0.499900
362	361	1	 0.499951	 0.499951
363	362	2	 0.999790	 0.499895
364	363	0	 0.000000	 0.000000
365	364	2	 0.999394	 0.499697
366	365	2	 0.999511	 0.499756
367	366	2	 1.000081	 0.500041
368	367	2	 0.999507	 0.499753
369	368	2	 1.000082	 0.500041
370	369	2	 0.999783	 0.499891
371	370	0	 0.000000	 0.000000
372	371	2	 0.999822	 0.499911
373	372	2	 0.999828	 0.499914
374	373	2	 0.999781	 0.499890
375	374	0	 0.000000	 0.000000
376	375	2	 0.999781	 0.499890
377	376	2	 1.000310	 0.500155
378	377	2	 0.999732	 0.499866
379	378	2	 1.000302	 0.500151
380	379	0	 0.000000	 0.000000
381	380	2	 1.000314	 0.500157
382	381	0	 0.000000	 0.000000
383	382	1	 0.499948	 0.499948
384	383	1	 0.500123	 0.500123
385	384	2	 1.000203	 0.500102
386	385	2	 1.000118	 0.500059
387	386	0	 0.000000	 0.000000
388	387	2	 0.999525	 0.499762
389	388	2	 0.999779	 0.499889
390	389	2	 0.999613	 0.499806
391	390	1	 0.500117	 0.500117
392	391	0	 0.000000	 0.000000
393	392	2	 0.999531	 0.499766
394	393	2	 1.000112	 0.500056
395	394	2	 0.999832	 0.499916
396	395	1	 0.499951	 0.499951
397	396	2	 0.999520	 0.499760
398	397	0	 0.000000	 0.000000
399	398	2	 0.999430	 0.499715
400	399	2	 1.000111	 0.500055
401	400	2	 0.999631	 0.499816
402	401	2	 0.999527	 0.499764
403	402	2	 1.000110	 0.500055
404	403	1	 0.500115	 0.500115
405	404	2	 0.999833	 0.499917
406	405	2	 1.000180	 0.500090
407	406	2	 0.999730	 0.499865
408	407	2	 1.000077	 0.500038
409	408	2	 0.999608	 0.499804
410	409	2	 1.000118	 0.500059
411	410	2	 1.000280	 0.500140
412	411	2	 0.999583	 0.499792
413	412	1	 0.500130	 0.500130
414	413	1	 0.499948	 0.499948
415	414	0	 0.000000	 0.000000
416	415	2	 0.999383	 0.499691
417	416	2	 1.000234	 0.500117
418	417	2	 0.999454	 0.499727
419	418	2	 0.999414	 0.499707
420	419	2	 0.999308	 0.499654
421	420	2	 0.999681	 0.499840
422	421	1	 0.499943	 0.499943
423	422	2	 1.000238	 0.500119
424	423	2	 1.000239	 0.500120
425	424	2	 1.000373	 0.500186
426	425	2	 1.000240	 0.500120
427	426	0	 0.000000	 0.000000
428	427	2	 1.000319	 0.500159
429	428	2	 0.999753	 0.499877
430	429	2	 0.999273	 0.499637
431	430	0	 0.000000	 0.000000
432	431	2	 0.999337	 0.499668
433	432	2	 1.000139	 0.500070
434	433	0	 0.000000	 0.000000
435	434	2	 0.999521	 0.499761
436	435	1	 0.500151	 0.500151
437	436	2	 0.999744	 0.499872
438	437	2	 0.999744	 0.499872
439	438	2	 0.999347	 0.499673
440	439	2	 1.000251	 0.500125
441	440	2	 0.999649	 0.499824
442	441	0	 0.000000	 0.000000
443	442	2	 0.999403	 0.499701
444	443	2	 0.999787	 0.499893
445	444	2	 0.999249	 0.499624
446	445	1	 0.499942	 0.499942
447	446	2	 0.999785	 0.499892
448	447	2	 0.999346	 0.499673
449	448	2	 1.000331	 0.500166
450	449	2	 1.000249	 0.500124
451	450	2	 0.999409	 0.499705
452	451	2	 0.999751	 0.499876
453	452	2	 0.999407	 0.499703
454	453	2	 0.999762	 0.499881
455	454	2	 0.999243	 0.499622
456	455	0	 0.000000	 0.000000
457	456	2	 1.000244	 0.500122
458	457	2	 0.999406	 0.499703
459	458	2	 0.999749	 0.499875
460	459	2	 0.999722	 0.499861
461	460	2	 0.999251	 0.499625
462	461	2	 1.000329	 0.500164
463	462	2	 1.000241	 0.500120
464	463	2	 0.999725	 0.499862
465	464	2	 0.999326	 0.499663
466	465	2	 1.000139	 0.500069
467	466	2	 1.000397	 0.500198
468	467	2	 1.000139	 0.500069
469	468	2	 1.000395	 0.500198
470	469	2	 1.000324	 0.500162
471	470	1	 0.500150	 0.500150
472	471	2	 0.999726	 0.499863
473	472	2	 1.000138	 0.500069
474	473	2	 1.000325	 0.500162
475	474	2	 1.000395	 0.500198
476	475	1	 0.499941	 0.499941
477	476	1	 0.499942	 0.499942
478	477	2	 0.999659	 0.499830
479	478	0	 0.000000	 0.000000
480	479	2	 0.999340	 0.499670
481	480	2	 0.999793	 0.499897
482	481	2	 0.999390	 0.499695
483	482	0	 0.000000	 0.000000
484	483	0	 0.000000	 0.000000
485	484	2	 1.000227	 0.500114
486	485	0	 0.000000	 0.000000
487	486	2	 1.000375	 0.500187
488	487	2	 0.999350	 0.499675
489	488	2	 0.999782	 0.499891
490	489	2	 0.999791	 0.499895
491	490	2	 0.999344	 0.499672
492	491	1	 0.499940	 0.499940
493	492	2	 1.000241	 0.500120
494	493	2	 0.999659	 0.499830
495	494	0	 0.000000	 0.000000
496	495	0	 0.000000	 0.000000
497	496	0	 0.000000	 0.000000
498	497	2	 0.999375	 0.499688
499	498	1	 0.500145	 0.500145
500	499	2	 1.000237	 0.500119
501	500	2	 0.999534	 0.499767
502	501	2	 1.000237	 0.500118
503	502	2	 1.000379	 0.500189
504	503	2	 0.999352	 0.499676
505	504	2	 1.000314	 0.500157
506	505	2	 0.999795	 0.499897
507	506	2	 0.999542	 0.499771
508	507	2	 1.000098	 0.500049
509	508	2	 0.999673	 0.499836
510	509	2	 1.000311	 0.500156
511	510	2	 1.000311	 0.500155
512	511	2	 0.999441	 0.499720
513	512	2	 0.999441	 0.499720
514	513	0	 0.000000	 0.000000
515	514	2	 0.999553	 0.499776
516	515	0	 0.000000	 0.000000
517	516	2	 0.999370	 0.499685
518	517	0	 0.000000	 0.000000
519	518	2	 0.999446	 0.499723
520	519	2	 0.999767	 0.499884
521	520	2	 0.999747	 0.499874
522	521	0	 0.000000	 0.000000
523	522	0	 0.000000	 0.000000
524	523	2	 1.000127	 0.500063
525	524	2	 1.000097	 0.500049
526	525	2	 1.000305	 0.500153
527	526	2	 1.000097	 0.500048
528	527	1	 0.500139	 0.500139
529	528	2	 0.999308	 0.499654
530	529	1	 0.500139	 0.500139
531	530	2	 1.000124	 0.500062
532	531	2	 1.000363	 0.500181
533	532	2	 0.999312	 0.499656
534	533	0	 0.000000	 0.000000
535	534	0	 0.000000	 0.000000
536	535	0	 0.000000	 0.000000
537	536	2	 0.999684	 0.499842
538	537	2	 1.000219	 0.500110
539	538	2	 0.999391	 0.499695
540	539	0	 0.000000	 0.000000
541	540	2	 0.999333	 0.499667
542	541	2	 0.999773	 0.499887
543	542	2	 0.999417	 0.499709
544	543	2	 0.999456	 0.499728
545	544	2	 1.000224	 0.500112
546	545	0	 0.000000	 0.000000
547	546	2	 0.999805	 0.499903
548	547	2	 0.999315	 0.499658
549	548	2	 0.999390	 0.499695
550	549	2	 1.000360	 0.500180
551	550	2	 0.999382	 0.499691
552	551	2	 1.000226	 0.500113
553	552	0	 0.000000	 0.000000
554	553	2	 1.000224	 0.500112
555	554	0	 0.000000	 0.000000
556	555	2	 0.999787	 0.499893
557	556	1	 0.500139	 0.500139
558	557	2	 0.999309	 0.499655
559	558	2	 0.999456	 0.499728
560	559	2	 0.999804	 0.499902
561	560	2	 0.999772	 0.499886
562	561	2	 1.000125	 0.500063
563	562	2	 1.000356	 0.500178
564	563	2	 0.999807	 0.499903
565	564	2	 0.999566	 0.499783
566	565	2	 0.999397	 0.499699
567	566	2	 0.999775	 0.499888
568	567	2	 0.999686	 0.499843
569	568	2	 1.000223	 0.500111
570	569	2	 1.000095	 0.500048
571	570	2	 1.000300	 0.500150
572	571	2	 0.999459	 0.499729
573	572	2	 0.999411	 0.499706
574	573	2	 0.999786	 0.499893
575	574	2	 1.000124	 0.500062
576	575	2	 0.999806	 0.499903
577	576	0	 0.000000	 0.000000
578	577	2	 1.000359	 0.500180
579	578	2	 0.999806	 0.499903
580	579	2	 1.000222	 0.500111
581	580	2	 0.999397	 0.499699
582	581	0	 0.000000	 0.000000
583	582	2	 0.999686	 0.499843
584	583	2	 1.000219	 0.500110
585	584	2	 1.000296	 0.500148
586	585	2	 0.999749	 0.499875
587	586	1	 0.500139	 0.500139
588	587	0	 0.000000	 0.000000
589	588	2	 0.999410	 0.499705
590	589	2	 0.999777	 0.499889
591	590	2	 0.999781	 0.499890
592	591	0	 0.000000	 0.000000
593	592	2	 0.999806	 0.499903
594	593	2	 0.999774	 0.499887
595	594	2	 0.999804	 0.499902
596	595	2	 0.999749	 0.499875
597	596	2	 0.999804	 0.499902
598	597	2	 0.999751	 0.499876
599	598	0	 0.000000	 0.000000
600	599	2	 1.000300	 0.500150
601	600	0	 0.000000	 0.000000
602	601	2	 0.999454	 0.499727
603	602	0	 0.000000	 0.000000
604	603	0	 0.000000	 0.000000
605	604	0	 0.000000	 0.000000
606	605	2	 0.999389	 0.499694
607	606	2	 0.999783	 0.499892
608	607	1	 0.500139	 0.500139
609	608	2	 1.000222	 0.500111
610	609	2	 1.000223	 0.500112
611	610	2	 0.999772	 0.499886
612	611	2	 0.999403	 0.499702
613	612	2	 0.999455	 0.499727
614	613	2	 1.000096	 0.500048
615	614	2	 0.999563	 0.499781
616	615	0	 0.000000	 0.000000
617	616	2	 0.999804	 0.499902
618	617	2	 1.000097	 0.500048
619	618	0	 0.000000	 0.000000
620	619	2	 1.000303	 0.500151
621	620	2	 0.999558	 0.499779
622	621	0	 0.000000	 0.000000
623	622	1	 0.499945	 0.499945
624	623	2	 0.999399	 0.499699
625	624	2	 0.999750	 0.499875
626	625	2	 1.000225	 0.500112
627	626	0	 0.000000	 0.000000
628	627	2	 0.999749	 0.499875
629	628	2	 1.000364	 0.500182
630	629	0	 0.000000	 0.000000
631	630	2	 0.999753	 0.499877
632	631	2	 0.999387	 0.499693
633	632	2	 1.000300	 0.500150
634	633	2	 0.999804	 0.499902
635	634	0	 0.000000	 0.000000
636	635	2	 0.999451	 0.499725
637	636	2	 0.999452	 0.499726
638	637	0	 0.000000	 0.000000
639	638	2	 1.000096	 0.500048
640	639	2	 0.999382	 0.499691
641	640	2	 1.000095	 0.500048
642	641	2	 0.999384	 0.499692
643	642	2	 0.999563	 0.499782
644	643	2	 0.999682	 0.499841
645	644	2	 0.999391	 0.499695
646	645	2	 1.000124	 0.500062
647	646	2	 1.000125	 0.500062
648	647	2	 0.999564	 0.499782
649	648	2	 0.999791	 0.499896
650	649	2	 0.999772	 0.499886
651	650	2	 0.999569	 0.499785
652	651	2	 1.000122	 0.500061
653	652	0	 0.000000	 0.000000
654	653	0	 0.000000	 0.000000
655	654	2	 0.999775	 0.499887
656	655	2	 0.999794	 0.499897
657	656	0	 0.000000	 0.000000
658	657	0	 0.000000	 0.000000
659	658	2	 1.000218	 0.500109
660	659	2	 1.000090	 0.500045
661	660	2	 0.999386	 0.499693
662	661	2	 1.000299	 0.500149
663	662	2	 1.000125	 0.500062
664	663	2	 0.999687	 0.499843
665	664	2	 0.999798	 0.499899
666	665	0	 0.000000	 0.000000
667	666	2	 1.000297	 0.500148
668	667	2	 1.000221	 0.500111
669	668	2	 0.999319	 0.499659
670	669	2	 1.000220	 0.500110
671	670	2	 1.000298	 0.500149
672	671	2	 1.000220	 0.500110
673	672	2	 1.000125	 0.500062
674	673	2	 1.000090	 0.500045
675	674	0	 0.000000	 0.000000
676	675	2	 0.999324	 0.499662
677	676	2	 1.000125	 0.500062
678	677	2	 0.999325	 0.499663
679	678	2	 0.999808	 0.499904
680	679	2	 0.999567	 0.499784
681	680	2	 1.000220	 0.500110
682	681	2	 0.999751	 0.499875
683	682	2	 0.999390	 0.499695
684	683	2	 1.000353	 0.500177
685	684	1	 0.499944	 0.499944
686	685	0	 0.000000	 0.000000
687	686	1	 0.499943	 0.499943
688	687	2	 0.999808	 0.499904
689	688	2	 1.000089	 0.500045
690	689	2	 0.999769	 0.499885
691	690	2	 1.000221	 0.500110
692	691	2	 1.000222	 0.500111
693	692	2	 0.999768	 0.499884
694	693	2	 0.999561	 0.499781
695	694	2	 0.999388	 0.499694
696	695	2	 1.000127	 0.500064
697	696	1	 0.500136	 0.500136
698	697	2	 0.999795	 0.499898
699	698	2	 0.999806	 0.499903
700	699	2	 1.000089	 0.500045
701	700	2	 1.000219	 0.500109
702	701	1	 0.500136	 0.500136
703	702	1	 0.500135	 0.500135
704	703	2	 0.999750	 0.499875
705	704	0	 0.000000	 0.000000
706	705	2	 1.000360	 0.500180
707	706	2	 0.999769	 0.499885
708	707	2	 1.000360	 0.500180
709	708	2	 0.999683	 0.499842
710	709	2	 0.999770	 0.499885
711	710	0	 0.000000	 0.000000
712	711	2	 1.000300	 0.500150
713	712	2	 1.000091	 0.500046
714	713	2	 0.999387	 0.499693
715	714	2	 0.999391	 0.499695
716	715	2	 0.999458	 0.499729
717	716	2	 0.999410	 0.499705
718	717	2	 1.000220	 0.500110
719	718	1	 0.499947	 0.499947
720	719	2	 0.999804	 0.499902
721	720	2	 0.999793	 0.499897
722	721	2	 1.000219	 0.500109
723	722	0	 0.000000	 0.000000
724	723	2	 0.999801	 0.499900
725	724	2	 0.999308	 0.499654
726	725	2	 0.999677	 0.499839
727	726	2	 1.000220	 0.500110
728	727	2	 0.999554	 0.499777
729	728	2	 1.000225	 0.500112
730	729	1	 0.499945	 0.499945
731	730	2	 1.000131	 0.500065
732	731	2	 0.999371	 0.499686
733	732	2	 0.999764	 0.499882
734	733	2	 1.000092	 0.500046
735	734	2	 0.999745	 0.499872
736	735	2	 1.000225	 0.500113
737	736	2	 1.000093	 0.500046
738	737	2	 0.999785	 0.499893
739	738	1	 0.499944	 0.499944
740	739	2	 0.999555	 0.499777
741	740	2	 0.999553	 0.499777
742	741	2	 0.999447	 0.499724
743	742	2	 0.999448	 0.499724
744	743	1	 0.500141	 0.500141
745	744	2	 1.000227	 0.500113
746	745	2	 0.999447	 0.499724
747	746	2	 0.999676	 0.499838
748	747	2	 0.999799	 0.499900
749	748	2	 1.000130	 0.500065
750	749	2	 0.999786	 0.499893
751	750	2	 1.000131	 0.500065
752	751	2	 1.000308	 0.500154
753	752	0	 0.000000	 0.000000
754	753	2	 0.999549	 0.499774
755	754	2	 0.999551	 0.499775
756	755	2	 1.000221	 0.500111
757	756	2	 1.000223	 0.500112
758	757	2	 0.999448	 0.499724
759	758	2	 0.999401	 0.499701
760	759	2	 0.999766	 0.499883
761	760	2	 1.000091	 0.500045
762	761	2	 1.000370	 0.500185
763	762	2	 1.000221	 0.500111
764	763	2	 1.000131	 0.500065
765	764	0	 0.000000	 0.000000
766	765	2	 0.999744	 0.499872
767	766	1	 0.499944	 0.499944
768	767	2	 0.999798	 0.499899
769	768	2	 0.999669	 0.499835
770	769	2	 1.000226	 0.500113
771	770	0	 0.000000	 0.000000
772	771	2	 0.999798	 0.499899
773	772	2	 0.999743	 0.499872
774	773	0	 0.000000	 0.000000
775	774	2	 0.999368	 0.499684
776	775	2	 0.999779	 0.499890
777	776	2	 1.000229	 0.500114
778	777	1	 0.500141	 0.500141
779	778	2	 0.999296	 0.499648
780	779	2	 0.999376	 0.499688
781	780	2	 0.999799	 0.499900
782	781	2	 0.999552	 0.499776
783	782	2	 1.000230	 0.500115
784	783	2	 1.000231	 0.500116
785	784	2	 0.999391	 0.499695
786	785	1	 0.499944	 0.499944
787	786	2	 0.999372	 0.499686
788	787	2	 0.999450	 0.499725
789	788	2	 1.000228	 0.500114
790	789	2	 0.999747	 0.499873
791	790	0	 0.000000	 0.000000
792	791	2	 1.000226	 0.500113
793	792	0	 0.000000	 0.000000
794	793	2	 1.000228	 0.500114
795	794	1	 0.499944	 0.499944
796	795	2	 0.999441	 0.499721
797	796	1	 0.500142	 0.500142
798	797	2	 0.999293	 0.499646
799	798	0	 0.000000	 0.000000
800	799	2	 0.999672	 0.499836
801	800	2	 1.000231	 0.500116
802	801	2	 0.999385	 0.499693
803	802	2	 1.000312	 0.500156
804	803	2	 1.000099	 0.500050
805	804	1	 0.499943	 0.499943
806	805	2	 0.999759	 0.499880
807	806	2	 0.999387	 0.499693
808	807	2	 0.999388	 0.499694
809	808	2	 1.000097	 0.500049
810	809	2	 0.999434	 0.499717
811	810	2	 0.999447	 0.499723
812	811	2	 0.999401	 0.499701
813	812	2	 1.000307	 0.500153
814	813	0	 0.000000	 0.000000
815	814	1	 0.500139	 0.500139
816	815	0	 0.000000	 0.000000
817	816	1	 0.499945	 0.499945
818	817	2	 1.000228	 0.500114
819	818	2	 0.999785	 0.499893
820	819	2	 1.000228	 0.500114
821	820	2	 1.000098	 0.500049
822	821	2	 1.000097	 0.500049
823	822	2	 0.999447	 0.499724
824	823	2	 1.000367	 0.500183
825	824	2	 1.000227	 0.500113
826	825	2	 0.999766	 0.499883
827	826	2	 1.000365	 0.500183
828	827	2	 0.999307	 0.499654
829	828	2	 0.999560	 0.499780
830	829	2	 0.999750	 0.499875
831	830	2	 0.999317	 0.499658
832	831	2	 0.999565	 0.499783
833	832	2	 0.999753	 0.499877
834	833	2	 1.000125	 0.500063
835	834	0	 0.000000	 0.000000
836	835	2	 1.000220	 0.500110
837	836	2	 0.999748	 0.499874
838	837	2	 1.000302	 0.500151
839	838	1	 0.500145	 0.500145
840	839	2	 0.999289	 0.499644
841	840	2	 1.000135	 0.500067
842	841	0	 0.000000	 0.000000
843	842	2	 0.999370	 0.499685
844	843	0	 0.000000	 0.000000
845	844	2	 1.000232	 0.500116
846	845	2	 0.999366	 0.499683
847	846	2	 1.000133	 0.500067
848	847	2	 0.999762	 0.499881
849	848	2	 0.999663	 0.499832
850	849	2	 1.000132	 0.500066
851	850	2	 1.000104	 0.500052
852	851	2	 0.999767	 0.499884
853	852	2	 0.999436	 0.499718
854	853	2	 1.000109	 0.500054
855	854	2	 0.999262	 0.499631
856	855	2	 0.999285	 0.499642
857	856	2	 0.999433	 0.499717
858	857	2	 0.999362	 0.499681
859	858	2	 1.000244	 0.500122
860	859	2	 0.999351	 0.499676
861	860	2	 0.999724	 0.499862
862	861	0	 0.000000	 0.000000
863	862	0	 0.000000	 0.000000
864	863	2	 0.999508	 0.499754
865	864	1	 0.499941	 0.499941
866	865	0	 0.000000	 0.000000
867	866	2	 1.000265	 0.500133
868	867	2	 0.999755	 0.499878
869	868	2	 0.999383	 0.499692
870	869	2	 1.000421	 0.500210
871	870	2	 0.999222	 0.499611
872	871	2	 1.000258	 0.500129
873	872	2	 1.000420	 0.500210
874	873	2	 0.999637	 0.499819
875	874	2	 0.999317	 0.499658
876	875	1	 0.500162	 0.500162
877	876	2	 0.999406	 0.499703
878	877	2	 0.999755	 0.499877
879	878	2	 0.999642	 0.499821
880	879	2	 1.000239	 0.500119
881	880	2	 0.999752	 0.499876
882	881	0	 0.000000	 0.000000
883	882	2	 1.000238	 0.500119
884	883	2	 1.000144	 0.500072
885	884	2	 1.000413	 0.500207
886	885	2	 0.999509	 0.499754
887	886	2	 0.999745	 0.499873
888	887	2	 0.999254	 0.499627
889	888	1	 0.500163	 0.500163
890	889	2	 0.999737	 0.499869
891	890	0	 0.000000	 0.000000
892	891	2	 1.000150	 0.500075
893	892	2	 1.000251	 0.500126
894	893	0	 0.000000	 0.000000
895	894	1	 0.500177	 0.500177
896	895	2	 1.000421	 0.500211
897	896	2	 1.000336	 0.500168
898	897	2	 1.000119	 0.500060
899	898	2	 0.999708	 0.499854
900	899	2	 0.999410	 0.499705
901	900	2	 0.999641	 0.499820
902	901	2	 0.999350	 0.499675
903	902	1	 0.499950	 0.499950
904	903	2	 0.999740	 0.499870
905	904	2	 0.999746	 0.499873
906	905	2	 1.000112	 0.500056
907	906	0	 0.000000	 0.000000
908	907	2	 0.999763	 0.499881
909	908	2	 1.000313	 0.500157
910	909	2	 1.000102	 0.500051
911	910	2	 1.000350	 0.500175
912	911	2	 0.999501	 0.499750
913	912	2	 0.999803	 0.499902
914	913	2	 1.000188	 0.500094
915	914	2	 0.999739	 0.499870
916	915	2	 1.000284	 0.500142
917	916	2	 0.999597	 0.499798
918	917	2	 0.999863	 0.499931
919	918	0	 0.000000	 0.000000
920	919	2	 0.999697	 0.499848
921	920	2	 1.000206	 0.500103
922	921	2	 0.999514	 0.499757
923	922	2	 0.999866	 0.499933
924	923	2	 0.999582	 0.499791
925	924	2	 1.000059	 0.500030
926	925	2	 1.000249	 0.500125
927	926	2	 0.999680	 0.499840
928	927	1	 0.499963	 0.499963
929	928	2	 1.000061	 0.500030
930	929	2	 1.000210	 0.500105
931	930	2	 1.000155	 0.500078
932	931	2	 0.999858	 0.499929
933	932	0	 0.000000	 0.000000
934	933	2	 0.999656	 0.499828
935	934	2	 0.999826	 0.499913
936	935	0	 0.000000	 0.000000
937	936	2	 0.999830	 0.499915
938	937	2	 0.999676	 0.499838
939	938	2	 1.000159	 0.500079
940	939	0	 0.000000	 0.000000
941	940	2	 0.999569	 0.499785
942	941	2	 0.999113	 0.499557
943	942	1	 0.499909	 0.499909
944	943	2	 1.000282	 0.500141
945	944	1	 0.499908	 0.499908
946	945	2	 1.000830	 0.500415
947	946	2	 1.000289	 0.500144
948	947	2	 1.000823	 0.500412
949	948	2	 0.999452	 0.499726
950	949	2	 0.999576	 0.499788
951	950	1	 0.499908	 0.499908
952	951	1	 0.500332	 0.500332
953	952	2	 0.999576	 0.499788
954	953	2	 0.999290	 0.499645
955	954	0	 0.000000	 0.000000
956	955	2	 1.000475	 0.500237
957	956	0	 0.000000	 0.000000
958	957	2	 0.999499	 0.499750
959	958	0	 0.000000	 0.000000
960	959	2	 1.000464	 0.500232
961	960	2	 0.999975	 0.499988
962	961	2	 0.999221	 0.499611
963	962	1	 0.499793	 0.499793
964	963	0	 0.000000	 0.000000
965	964	2	 0.998544	 0.499272
966	965	2	 0.999337	 0.499668
967	966	2	 0.999818	 0.499909
968	967	2	 0.999420	 0.499710
969	968	2	 1.000682	 0.500341
970	969	2	 1.000697	 0.500349
971	970	2	 0.999516	 0.499758
972	971	2	 1.000301	 0.500150
973	972	2	 1.000842	 0.500421
974	973	2	 0.999872	 0.499936
975	974	0	 0.000000	 0.000000
976	975	2	 1.000746	 0.500373
977	976	2	 0.999301	 0.499651
978	977	2	 0.999320	 0.499660
979	978	2	 0.998988	 0.499494
980	979	0	 0.000000	 0.000000
981	980	2	 1.000648	 0.500324
982	981	2	 1.000303	 0.500152
983	982	2	 0.999810	 0.499905
984	983	0	 0.000000	 0.000000
985	984	2	 0.998215	 0.499107
986	985	2	 1.000853	 0.500426
987	986	2	 0.998480	 0.499240
988	987	2	 0.998280	 0.499140
989	988	2	 1.000703	 0.500352
990	989	0	 0.000000	 0.000000
991	990	1	 0.499768	 0.499768
992	991	2	 0.998764	 0.499382
993	992	2	 1.000853	 0.500427
994	993	2	 0.999229	 0.499615
995	994	2	 0.999141	 0.499571
996	995	0	 0.000000	 0.000000
997	996	2	 0.999325	 0.499662
998	997	0	 0.000000	 0.000000
999	998	1	 0.499759	 0.499759
1000	999	2	 1.000344	 0.500172
1001	1000	2	 0.999457	 0.499728
1002	1001	2	 1.000935	 0.500468
1003	1002	1	 0.500285	 0.500285
1004	1003	2	 0.999111	 0.499555
1005	1004	2	 1.000793	 0.500396
1006	1005	1	 0.500278	 0.500278
1007	1006	2	 1.000783	 0.500391
1008	1007	1	 0.499756	 0.499756
1009	1008	1	 0.499761	 0.499761
1010	1009	1	 0.500279	 0.500279
1011	1010	0	 0.000000	 0.000000
1012	1011	2	 1.000958	 0.500479
1013	1012	1	 0.500288	 0.500288
1014	1013	2	 1.000281	 0.500140
1015	1014	2	 1.000935	 0.500468
1016	1015	2	 0.999197	 0.499598
1017	1016	2	 0.999207	 0.499604
1018	1017	0	 0.000000	 0.000000
1019	1018	0	 0.000000	 0.000000
1020	1019	2	 1.000354	 0.500177
1021	1020	2	 0.999299	 0.499649
1022	1021	2	 1.000342	 0.500171
1023	1022	2	 1.000836	 0.500418
1024	1023	2	 0.998356	 0.499178
1025	1024	2	 0.999436	 0.499718
1026	1025	2	 1.000961	 0.500481
1027	1026	0	 0.000000	 0.000000
1028	1027	2	 0.999226	 0.499613
1029	1028	0	 0.000000	 0.000000
1030	1029	2	 1.000812	 0.500406
1031	1030	2	 0.998766	 0.499383
1032	1031	0	 0.000000	 0.000000
1033	1032	2	 0.998780	 0.499390
1034	1033	2	 1.000839	 0.500420
1035	1034	2	 0.998603	 0.499302
1036	1035	2	 0.999583	 0.499791
1037	1036	2	 0.998026	 0.499013
1038	1037	1	 0.499766	 0.499766
1039	1038	2	 0.998750	 0.499375
1040	1039	0	 0.000000	 0.000000
1041	1040	2	 0.998755	 0.499378
1042	1041	0	 0.000000	 0.000000
1043	1042	2	 1.000947	 0.500473
1044	1043	2	 1.000287	 0.500144
