727
874
1012
765
956
735
44
381
120
948
165
13
533
660
547
951
239
321
467
868
619
748
692
104
377
887
590
124
337
400
118
809
148
69
665
347
497
412
451
794
1037
725
164
822
527
354
7
348
8
1
461
577
538
591
701
258
733
416
167
520
74
569
666
906
399
47
216
656
915
772
792
744
371
755
121
485
664
738
476
742
35
833
182
637
256
566
346
255
357
842
502
788
126
356
987
676
806
215
942
516
449
200
359
433
853
341
857
326
440
344
965
578
810
592
998
651
661
581
228
193
302
490
263
290
537
269
158
491
1043
396
135
513
373
799
493
196
98
977
756
804
628
259
859
800
245
877
426
682
539
441
443
407
736
674
834
894
612
670
477
973
655
180
3
841
234
584
291
929
358
753
644
730
529
860
332
677
374
1029
179
195
639
740
974
81
550
452
548
281
5
958
248
789
370
816
511
641
589
532
70
429
453
409
59
689
277
51
260
829
1001
342
561
37
112
930
920
807
723
585
403
938
888
408
114
774
23
147
911
375
292
808
616
710
757
606
650
785
333
171
435
711
746
609
87
640
119
681
390
39
866
507
58
319
614
364
163
854
784
777
779
253
565
223
294
620
46
758
199
782
460
307
572
172
393
450
90
138
109
487
183
588
890
1016
899
843
629
1000
889
530
325
1028
79
749
314
812
731
484
541
524
954
823
14
559
721
322
262
369
941
92
24
315
652
980
1010
675
132
29
108
990
62
1004
52
411
55
535
303
4
754
767
855
602
848
969
123
762
760
886
944
732
276
521
145
488
927
71
82
1008
579
136
542
919
795
993
447
768
63
630
50
936
1035
295
170
709
206
625
316
918
981
525
1032
444
382
213
528
667
714
893
1024
428
188
562
102
531
892
190
334
811
418
783
15
438
242
351
231
627
222
388
244
922
274
32
11
694
300
454
523
916
110
817
729
1009
232
955
166
631
949
225
820
424
376
908
54
419
1027
221
64
422
947
380
793
940
654
840
997
305
773
492
896
31
613
726
134
474
330
960
662
796
19
383
1015
598
608
543
1007
937
283
718
157
994
149
747
699
573
327
473
902
871
514
202
448
698
301
831
554
394
397
398
583
236
522
672
137
633
921
992
336
299
621
140
282
154
178
986
943
94
684
1039
900
159
463
96
1026
1023
933
401
959
286
805
391
797
471
386
913
597
828
288
991
647
160
770
945
125
214
389
734
417
21
673
610
162
287
53
769
703
212
204
340
558
309
395
582
680
67
763
1003
907
468
113
966
722
967
45
464
77
901
787
475
153
879
914
185
238
526
1011
201
688
1041
961
289
545
881
56
423
205
600
320
265
33
910
551
741
870
372
593
766
975
750
564
455
329
323
60
261
432
251
25
241
210
499
481
310
1017
22
611
506
1021
496
837
845
878
36
243
653
705
203
814
801
27
668
968
972
235
1030
504
367
186
898
623
17
957
603
442
318
626
925
706
284
643
107
679
865
570
678
707
982
825
989
99
38
105
979
649
227
1036
335
230
869
695
352
739
430
421
80
503
1022
350
983
76
501
815
720
544
790
985
775
18
1031
864
847
844
995
509
850
897
181
659
384
363
926
434
555
780
445
189
66
439
168
846
571
752
724
57
116
415
852
904
296
28
139
690
1013
88
280
737
30
404
458
379
328
175
184
928
632
437
950
406
192
862
208
671
313
462
49
821
218
576
557
819
687
696
873
267
194
405
596
385
161
1014
1038
191
456
909
759
78
331
10
875
85
42
563
1019
151
431
446
26
469
970
142
702
786
540
155
270
574
470
715
617
964
378
988
427
778
704
312
457
61
599
912
885
512
832
500
226
117
745
883
978
176
275
306
761
353
691
43
932
1033
6
771
311
648
211
781
95
728
1040
996
355
891
339
604
187
575
683
271
697
1025
568
414
923
100
636
146
482
872
84
935
233
483
1044
93
217
712
177
549
495
1020
72
436
713
605
254
635
764
224
534
293
798
366
818
849
111
658
717
634
686
246
638
984
615
278
693
895
122
130
209
863
197
999
362
156
143
89
40
963
169
719
851
700
1005
836
924
413
466
646
586
115
716
515
934
324
882
685
803
580
1042
1006
343
618
939
128
150
127
546
505
420
510
97
791
567
607
86
425
410
268
486
560
536
297
250
152
465
867
345
1034
498
976
101
556
478
272
266
103
508
861
587
595
317
594
827
144
338
830
917
361
884
826
751
1018
9
129
835
953
931
173
553
48
285
237
903
12
273
247
387
838
198
708
552
517
257
494
83
304
252
131
518
459
207
279
858
141
905
802
220
68
479
392
73
34
174
743
106
880
1002
971
91
20
349
856
472
839
876
519
776
480
645
622
824
946
663
75
133
65
962
657
249
298
813
365
240
219
601
952
16
624
308
41
489
264
669
229
402
2
368
642
360
