1	0	0	 0.000000	 0.000000
2	1	0	 0.000000	 0.000000
3	2	2	 0.999809	 0.499904
4	3	2	 1.000814	 0.500407
5	4	2	 0.999812	 0.499906
6	5	2	 1.000079	 0.500039
7	6	0	 0.000000	 0.000000
8	7	0	 0.000000	 0.000000
9	8	1	 0.499571	 0.499571
10	9	2	 0.999996	 0.499998
11	10	2	 1.000962	 0.500481
12	11	1	 0.499592	 0.499592
13	12	0	 0.000000	 0.000000
14	13	2	 1.000704	 0.500352
15	14	2	 1.000818	 0.500409
16	15	0	 0.000000	 0.000000
17	16	2	 1.000620	 0.500310
18	17	2	 1.000572	 0.500286
19	18	2	 1.000875	 0.500438
20	19	0	 0.000000	 0.000000
21	20	2	 1.000300	 0.500150
22	21	2	 1.000614	 0.500307
23	22	2	 0.999629	 0.499815
24	23	2	 1.000691	 0.500346
25	24	2	 1.000297	 0.500149
26	25	2	 0.999996	 0.499998
27	26	2	 1.000645	 0.500323
28	27	2	 1.000053	 0.500026
29	28	2	 1.000708	 0.500354
30	29	2	 1.000053	 0.500027
31	30	2	 1.000934	 0.500467
32	31	2	 1.000836	 0.500418
33	32	2	 1.000298	 0.500149
34	33	1	 0.499596	 0.499596
35	34	0	 0.000000	 0.000000
36	35	2	 1.000653	 0.500327
37	36	2	 0.999604	 0.499802
38	37	2	 1.000655	 0.500327
39	38	2	 0.999602	 0.499801
40	39	2	 0.999641	 0.499820
41	40	0	 0.000000	 0.000000
42	41	2	 0.999994	 0.499997
43	42	2	 1.000062	 0.500031
44	43	0	 0.000000	 0.000000
45	44	2	 1.000305	 0.500153
46	45	2	 1.000193	 0.500096
47	46	0	 0.000000	 0.000000
48	47	1	 0.499580	 0.499580
49	48	2	 1.000058	 0.500029
50	49	2	 1.000902	 0.500451
51	50	2	 0.999577	 0.499789
52	51	2	 1.000768	 0.500384
53	52	2	 1.000333	 0.500167
54	53	2	 1.001011	 0.500505
55	54	2	 1.000756	 0.500378
56	55	2	 1.000311	 0.500156
57	56	2	 1.000061	 0.500030
58	57	2	 1.000202	 0.500101
59	58	2	 0.999583	 0.499792
60	59	2	 1.000312	 0.500156
61	60	2	 0.999993	 0.499996
62	61	2	 1.000771	 0.500385
63	62	2	 1.000900	 0.500450
64	63	2	 1.001014	 0.500507
65	64	0	 0.000000	 0.000000
66	65	2	 1.000653	 0.500326
67	66	2	 1.000329	 0.500164
68	67	1	 0.499566	 0.499566
69	68	0	 0.000000	 0.000000
70	69	2	 0.999814	 0.499907
71	70	2	 1.000773	 0.500386
72	71	2	 1.000066	 0.500033
73	72	1	 0.499563	 0.499563
74	73	0	 0.000000	 0.000000
75	74	0	 0.000000	 0.000000
76	75	2	 1.000672	 0.500336
77	76	2	 1.000335	 0.500168
78	77	2	 0.999994	 0.499997
79	78	2	 1.000208	 0.500104
80	79	2	 1.000683	 0.500341
81	80	2	 0.999812	 0.499906
82	81	2	 1.000787	 0.500394
83	82	1	 0.499549	 0.499549
84	83	2	 1.000067	 0.500034
85	84	2	 0.999994	 0.499997
86	85	2	 0.999192	 0.499596
87	86	2	 0.999562	 0.499781
88	87	2	 1.000062	 0.500031
89	88	2	 0.999609	 0.499805
90	89	2	 1.000208	 0.500104
91	90	0	 0.000000	 0.000000
92	91	2	 1.000776	 0.500388
93	92	2	 1.000071	 0.500035
94	93	2	 1.000714	 0.500357
95	94	2	 1.000066	 0.500033
96	95	2	 1.000682	 0.500341
97	96	2	 0.999319	 0.499660
98	97	1	 0.500052	 0.500052
99	98	2	 1.000581	 0.500291
100	99	2	 1.000058	 0.500029
101	100	2	 0.999377	 0.499688
102	101	2	 1.000717	 0.500359
103	102	2	 0.999400	 0.499700
104	103	0	 0.000000	 0.000000
105	104	2	 1.000558	 0.500279
106	105	1	 0.499660	 0.499660
107	106	2	 1.000542	 0.500271
108	107	2	 1.000585	 0.500292
109	108	2	 1.000153	 0.500077
110	109	2	 1.000759	 0.500379
111	110	2	 0.999722	 0.499861
112	111	2	 0.999687	 0.499844
113	112	2	 1.000264	 0.500132
114	113	2	 0.999686	 0.499843
115	114	2	 0.999729	 0.499864
116	115	2	 1.000043	 0.500022
117	116	2	 0.999998	 0.499999
118	117	0	 0.000000	 0.000000
119	118	2	 0.999687	 0.499844
120	119	0	 0.000000	 0.000000
121	120	0	 0.000000	 0.000000
122	121	2	 0.999732	 0.499866
123	122	2	 1.000562	 0.500281
124	123	0	 0.000000	 0.000000
125	124	2	 1.000257	 0.500129
126	125	0	 0.000000	 0.000000
127	126	2	 0.999463	 0.499731
128	127	2	 0.999467	 0.499733
129	128	1	 0.499706	 0.499706
130	129	2	 0.999750	 0.499875
131	130	1	 0.499700	 0.499700
132	131	2	 1.000537	 0.500268
133	132	0	 0.000000	 0.000000
134	133	2	 1.000718	 0.500359
135	134	1	 0.500047	 0.500047
136	135	2	 1.000574	 0.500287
137	136	2	 1.000553	 0.500276
138	137	2	 1.000159	 0.500080
139	138	2	 1.000044	 0.500022
140	139	2	 1.000563	 0.500281
141	140	1	 0.499650	 0.499650
142	141	2	 0.999998	 0.499999
143	142	2	 0.999689	 0.499845
144	143	2	 0.999338	 0.499669
145	144	2	 1.000675	 0.500337
146	145	2	 1.000065	 0.500033
147	146	2	 0.999630	 0.499815
148	147	0	 0.000000	 0.000000
149	148	2	 1.000626	 0.500313
150	149	2	 0.999321	 0.499660
151	150	2	 0.999995	 0.499998
152	151	2	 0.999324	 0.499662
153	152	2	 1.000288	 0.500144
154	153	2	 1.000637	 0.500318
155	154	2	 0.999995	 0.499998
156	155	2	 0.999662	 0.499831
157	156	2	 1.000667	 0.500334
158	157	1	 0.500058	 0.500058
159	158	2	 1.000669	 0.500335
160	159	2	 1.000317	 0.500158
161	160	2	 1.000058	 0.500029
162	161	2	 1.000312	 0.500156
163	162	2	 1.000197	 0.500099
164	163	0	 0.000000	 0.000000
165	164	0	 0.000000	 0.000000
166	165	2	 1.000999	 0.500500
167	166	0	 0.000000	 0.000000
168	167	2	 1.000663	 0.500331
169	168	2	 0.999619	 0.499810
170	169	2	 1.000915	 0.500457
171	170	2	 0.999568	 0.499784
172	171	2	 1.000210	 0.500105
173	172	1	 0.499559	 0.499559
174	173	1	 0.499555	 0.499555
175	174	2	 1.000065	 0.500033
176	175	2	 0.999995	 0.499998
177	176	2	 1.000071	 0.500036
178	177	2	 1.000756	 0.500378
179	178	2	 0.999809	 0.499905
180	179	2	 0.999809	 0.499904
181	180	2	 1.000671	 0.500335
182	181	0	 0.000000	 0.000000
183	182	2	 1.000212	 0.500106
184	183	2	 1.000067	 0.500033
185	184	2	 1.000338	 0.500169
186	185	2	 1.000742	 0.500371
187	186	2	 1.000074	 0.500037
188	187	2	 1.000953	 0.500476
189	188	2	 1.000701	 0.500350
190	189	2	 1.000957	 0.500478
191	190	2	 1.000068	 0.500034
192	191	2	 1.000068	 0.500034
193	192	1	 0.500063	 0.500063
194	193	2	 1.000068	 0.500034
195	194	2	 0.999801	 0.499901
196	195	1	 0.500060	 0.500060
197	196	2	 0.999593	 0.499796
198	197	1	 0.499533	 0.499533
199	198	2	 1.000217	 0.500109
200	199	1	 0.500062	 0.500062
201	200	2	 1.000341	 0.500171
202	201	2	 1.000776	 0.500388
203	202	2	 1.000750	 0.500375
204	203	2	 1.000359	 0.500180
205	204	2	 1.000344	 0.500172
206	205	2	 1.000970	 0.500485
207	206	1	 0.499530	 0.499530
208	207	2	 1.000068	 0.500034
209	208	2	 0.999589	 0.499795
210	209	2	 1.000347	 0.500173
211	210	2	 1.000072	 0.500036
212	211	2	 1.000366	 0.500183
213	212	2	 1.000980	 0.500490
214	213	2	 1.000366	 0.500183
215	214	0	 0.000000	 0.000000
216	215	0	 0.000000	 0.000000
217	216	2	 1.000072	 0.500036
218	217	2	 1.000068	 0.500034
219	218	0	 0.000000	 0.000000
220	219	1	 0.499529	 0.499529
221	220	2	 1.001105	 0.500553
222	221	2	 1.000983	 0.500492
223	222	2	 1.000221	 0.500111
224	223	2	 0.999584	 0.499792
225	224	2	 1.001107	 0.500553
226	225	2	 0.999993	 0.499997
227	226	2	 1.000721	 0.500360
228	227	1	 0.500066	 0.500066
229	228	0	 0.000000	 0.000000
230	229	2	 1.000724	 0.500362
231	230	2	 1.000982	 0.500491
232	231	2	 1.001113	 0.500556
233	232	2	 1.000071	 0.500036
234	233	2	 0.999795	 0.499897
235	234	2	 1.000762	 0.500381
236	235	2	 1.000792	 0.500396
237	236	1	 0.499524	 0.499524
238	237	2	 1.000345	 0.500173
239	238	0	 0.000000	 0.000000
240	239	0	 0.000000	 0.000000
241	240	2	 1.000347	 0.500173
242	241	2	 1.000993	 0.500497
243	242	2	 1.000760	 0.500380
244	243	2	 1.000978	 0.500489
245	244	1	 0.500062	 0.500062
246	245	2	 0.999586	 0.499793
247	246	1	 0.499538	 0.499538
248	247	2	 0.999798	 0.499899
249	248	0	 0.000000	 0.000000
250	249	2	 0.999177	 0.499588
251	250	2	 1.000322	 0.500161
252	251	1	 0.499549	 0.499549
253	252	2	 1.000215	 0.500108
254	253	2	 1.000070	 0.500035
255	254	0	 0.000000	 0.000000
256	255	0	 0.000000	 0.000000
257	256	1	 0.499552	 0.499552
258	257	0	 0.000000	 0.000000
259	258	1	 0.500059	 0.500059
260	259	2	 0.999559	 0.499780
261	260	2	 1.000320	 0.500160
262	261	2	 1.000785	 0.500393
263	262	1	 0.500055	 0.500055
264	263	0	 0.000000	 0.000000
265	264	2	 1.000311	 0.500156
266	265	2	 0.999203	 0.499602
267	266	2	 1.000067	 0.500034
268	267	2	 0.999211	 0.499605
269	268	1	 0.500057	 0.500057
270	269	2	 0.999995	 0.499998
271	270	2	 1.000070	 0.500035
272	271	2	 0.999225	 0.499612
273	272	1	 0.499563	 0.499563
274	273	2	 1.000914	 0.500457
275	274	2	 0.999994	 0.499997
276	275	2	 1.000766	 0.500383
277	276	2	 0.999582	 0.499791
278	277	2	 0.999625	 0.499813
279	278	1	 0.499569	 0.499569
280	279	2	 1.000059	 0.500030
281	280	2	 0.999828	 0.499914
282	281	2	 1.000715	 0.500357
283	282	2	 1.000721	 0.500360
284	283	2	 1.000722	 0.500361
285	284	1	 0.499567	 0.499567
286	285	2	 1.000350	 0.500175
287	286	2	 1.000354	 0.500177
288	287	2	 1.000345	 0.500173
289	288	2	 1.000322	 0.500161
290	289	1	 0.500062	 0.500062
291	290	2	 0.999834	 0.499917
292	291	2	 0.999598	 0.499799
293	292	2	 0.999647	 0.499823
294	293	2	 1.000196	 0.500098
295	294	2	 1.000847	 0.500424
296	295	2	 1.000056	 0.500028
297	296	2	 0.999299	 0.499650
298	297	0	 0.000000	 0.000000
299	298	2	 1.000670	 0.500335
300	299	2	 1.000930	 0.500465
301	300	2	 1.000677	 0.500338
302	301	1	 0.500061	 0.500061
303	302	2	 1.000719	 0.500359
304	303	1	 0.499608	 0.499608
305	304	2	 1.000934	 0.500467
306	305	2	 1.000000	 0.500000
307	306	2	 1.000170	 0.500085
308	307	0	 0.000000	 0.000000
309	308	2	 1.000304	 0.500152
310	309	2	 1.000286	 0.500143
311	310	2	 1.000057	 0.500028
312	311	2	 0.999997	 0.499999
313	312	2	 1.000047	 0.500023
314	313	2	 1.000166	 0.500083
315	314	2	 1.000650	 0.500325
316	315	2	 1.000770	 0.500385
317	316	2	 0.999331	 0.499666
318	317	2	 1.000617	 0.500309
319	318	2	 1.000166	 0.500083
320	319	2	 1.000254	 0.500127
321	320	0	 0.000000	 0.000000
322	321	2	 1.000617	 0.500308
323	322	2	 1.000273	 0.500137
324	323	2	 0.999680	 0.499840
325	324	2	 1.000173	 0.500087
326	325	1	 0.500052	 0.500052
327	326	2	 1.000641	 0.500320
328	327	2	 1.000051	 0.500026
329	328	2	 1.000276	 0.500138
330	329	2	 1.000872	 0.500436
331	330	2	 0.999997	 0.499999
332	331	2	 0.999840	 0.499920
333	332	2	 0.999640	 0.499820
334	333	2	 1.000760	 0.500380
335	334	2	 1.000559	 0.500279
336	335	2	 1.000613	 0.500306
337	336	0	 0.000000	 0.000000
338	337	2	 0.999359	 0.499680
339	338	2	 1.000065	 0.500032
340	339	2	 1.000305	 0.500153
341	340	1	 0.500062	 0.500062
342	341	2	 0.999630	 0.499815
343	342	2	 0.999299	 0.499649
344	343	1	 0.500067	 0.500067
345	344	2	 0.999289	 0.499644
346	345	0	 0.000000	 0.000000
347	346	0	 0.000000	 0.000000
348	347	0	 0.000000	 0.000000
349	348	0	 0.000000	 0.000000
350	349	2	 1.000616	 0.500308
351	350	2	 1.000828	 0.500414
352	351	2	 1.000602	 0.500301
353	352	2	 1.000065	 0.500032
354	353	0	 0.000000	 0.000000
355	354	2	 1.000064	 0.500032
356	355	0	 0.000000	 0.000000
357	356	0	 0.000000	 0.000000
358	357	2	 0.999847	 0.499924
359	358	1	 0.500066	 0.500066
360	359	0	 0.000000	 0.000000
361	360	1	 0.499608	 0.499608
362	361	2	 0.999653	 0.499827
363	362	2	 1.000632	 0.500316
364	363	2	 1.000186	 0.500093
365	364	0	 0.000000	 0.000000
366	365	2	 0.999648	 0.499824
367	366	2	 1.000697	 0.500348
368	367	0	 0.000000	 0.000000
369	368	2	 1.000746	 0.500373
370	369	2	 0.999851	 0.499925
371	370	0	 0.000000	 0.000000
372	371	2	 1.000344	 0.500172
373	372	1	 0.500071	 0.500071
374	373	2	 0.999853	 0.499927
375	374	2	 0.999612	 0.499806
376	375	2	 1.000925	 0.500463
377	376	0	 0.000000	 0.000000
378	377	2	 0.999998	 0.499999
379	378	2	 1.000051	 0.500026
380	379	2	 1.000911	 0.500455
381	380	0	 0.000000	 0.000000
382	381	2	 1.000856	 0.500428
383	382	2	 1.000967	 0.500483
384	383	2	 1.000656	 0.500328
385	384	2	 1.000053	 0.500027
386	385	2	 1.000340	 0.500170
387	386	1	 0.499581	 0.499581
388	387	2	 1.000832	 0.500416
389	388	2	 1.000338	 0.500169
390	389	2	 0.999609	 0.499805
391	390	2	 1.000330	 0.500165
392	391	1	 0.499593	 0.499593
393	392	2	 1.000175	 0.500087
394	393	2	 1.000662	 0.500331
395	394	2	 1.000331	 0.500165
396	395	1	 0.500067	 0.500067
397	396	2	 1.000652	 0.500326
398	397	2	 1.000651	 0.500326
399	398	0	 0.000000	 0.000000
400	399	0	 0.000000	 0.000000
401	400	2	 1.000323	 0.500161
402	401	0	 0.000000	 0.000000
403	402	2	 0.999626	 0.499813
404	403	2	 1.000051	 0.500026
405	404	2	 1.000053	 0.500027
406	405	2	 1.000055	 0.500028
407	406	2	 0.999838	 0.499919
408	407	2	 0.999612	 0.499806
409	408	2	 0.999599	 0.499800
410	409	2	 0.999244	 0.499622
411	410	2	 1.000759	 0.500380
412	411	0	 0.000000	 0.000000
413	412	2	 0.999625	 0.499813
414	413	2	 1.000078	 0.500039
415	414	2	 1.000063	 0.500032
416	415	0	 0.000000	 0.000000
417	416	2	 1.000379	 0.500189
418	417	2	 1.000963	 0.500481
419	418	2	 1.001073	 0.500537
420	419	2	 0.999162	 0.499581
421	420	2	 1.000732	 0.500366
422	421	2	 1.001085	 0.500543
423	422	2	 1.000366	 0.500183
424	423	2	 1.001092	 0.500546
425	424	2	 0.999146	 0.499573
426	425	1	 0.500076	 0.500076
427	426	2	 0.999998	 0.499999
428	427	2	 1.001001	 0.500501
429	428	2	 0.999810	 0.499905
430	429	2	 1.000763	 0.500382
431	430	2	 0.999997	 0.499999
432	431	2	 1.000392	 0.500196
433	432	1	 0.500079	 0.500079
434	433	2	 1.000768	 0.500384
435	434	2	 0.999514	 0.499757
436	435	2	 1.000085	 0.500042
437	436	2	 1.000070	 0.500035
438	437	2	 1.001053	 0.500526
439	438	2	 1.000795	 0.500398
440	439	1	 0.500079	 0.500079
441	440	1	 0.500077	 0.500077
442	441	2	 1.000843	 0.500421
443	442	2	 0.999795	 0.499898
444	443	2	 1.001046	 0.500523
445	444	2	 1.000780	 0.500390
446	445	2	 0.999997	 0.499999
447	446	2	 1.001053	 0.500527
448	447	2	 1.000850	 0.500425
449	448	1	 0.500075	 0.500075
450	449	2	 1.000242	 0.500121
451	450	0	 0.000000	 0.000000
452	451	2	 0.999793	 0.499897
453	452	2	 0.999508	 0.499754
454	453	2	 1.001191	 0.500595
455	454	2	 1.000389	 0.500194
456	455	2	 1.000072	 0.500036
457	456	2	 0.999996	 0.499998
458	457	2	 1.000072	 0.500036
459	458	1	 0.499487	 0.499487
460	459	2	 1.000238	 0.500119
461	460	0	 0.000000	 0.000000
462	461	2	 1.000072	 0.500036
463	462	2	 1.000845	 0.500423
464	463	2	 1.000386	 0.500193
465	464	2	 0.999086	 0.499543
466	465	2	 0.999563	 0.499782
467	466	0	 0.000000	 0.000000
468	467	2	 1.000408	 0.500204
469	468	2	 0.999997	 0.499999
470	469	2	 0.999997	 0.499998
471	470	2	 1.000406	 0.500203
472	471	0	 0.000000	 0.000000
473	472	2	 1.000840	 0.500420
474	473	2	 1.001174	 0.500587
475	474	2	 1.000389	 0.500195
476	475	0	 0.000000	 0.000000
477	476	2	 0.999803	 0.499901
478	477	2	 0.999107	 0.499553
479	478	1	 0.499501	 0.499501
480	479	0	 0.000000	 0.000000
481	480	2	 1.000378	 0.500189
482	481	2	 1.000082	 0.500041
483	482	2	 1.000080	 0.500040
484	483	2	 1.000225	 0.500112
485	484	0	 0.000000	 0.000000
486	485	2	 0.999141	 0.499571
487	486	2	 1.000222	 0.500111
488	487	2	 1.000866	 0.500433
489	488	0	 0.000000	 0.000000
490	489	1	 0.500079	 0.500079
491	490	1	 0.500078	 0.500078
492	491	2	 1.001151	 0.500575
493	492	1	 0.500078	 0.500078
494	493	1	 0.499501	 0.499501
495	494	2	 1.000087	 0.500044
496	495	2	 1.000820	 0.500410
497	496	0	 0.000000	 0.000000
498	497	2	 0.999114	 0.499557
499	498	2	 1.000389	 0.500194
500	499	2	 0.999999	 0.500000
501	500	2	 1.000756	 0.500378
502	501	0	 0.000000	 0.000000
503	502	2	 1.000746	 0.500373
504	503	2	 1.000804	 0.500402
505	504	2	 0.999132	 0.499566
506	505	2	 1.000800	 0.500400
507	506	2	 0.999534	 0.499767
508	507	2	 0.999136	 0.499568
509	508	2	 1.000729	 0.500364
510	509	2	 0.999147	 0.499574
511	510	2	 0.999811	 0.499905
512	511	2	 1.000000	 0.500000
513	512	1	 0.500073	 0.500073
514	513	2	 1.000789	 0.500395
515	514	2	 0.999603	 0.499801
516	515	0	 0.000000	 0.000000
517	516	1	 0.499527	 0.499527
518	517	1	 0.499528	 0.499528
519	518	0	 0.000000	 0.000000
520	519	0	 0.000000	 0.000000
521	520	2	 1.000837	 0.500419
522	521	2	 1.000786	 0.500393
523	522	2	 1.001089	 0.500545
524	523	2	 1.000224	 0.500112
525	524	2	 1.000974	 0.500487
526	525	2	 1.000355	 0.500177
527	526	0	 0.000000	 0.000000
528	527	2	 1.000969	 0.500484
529	528	2	 0.999814	 0.499907
530	529	2	 1.000221	 0.500111
531	530	2	 1.000961	 0.500480
532	531	2	 0.999813	 0.499907
533	532	0	 0.000000	 0.000000
534	533	2	 0.999609	 0.499804
535	534	2	 1.000820	 0.500410
536	535	2	 0.999183	 0.499591
537	536	1	 0.500069	 0.500069
538	537	0	 0.000000	 0.000000
539	538	1	 0.500068	 0.500068
540	539	2	 0.999999	 0.499999
541	540	2	 1.000212	 0.500106
542	541	2	 1.000808	 0.500404
543	542	2	 1.000766	 0.500383
544	543	2	 1.000709	 0.500355
545	544	2	 1.000357	 0.500178
546	545	2	 0.999176	 0.499588
547	546	0	 0.000000	 0.000000
548	547	2	 0.999819	 0.499909
549	548	2	 1.000084	 0.500042
550	549	2	 0.999819	 0.499909
551	550	2	 1.000361	 0.500180
552	551	1	 0.499535	 0.499535
553	552	1	 0.499535	 0.499535
554	553	2	 1.000778	 0.500389
555	554	2	 1.000717	 0.500358
556	555	2	 0.999162	 0.499581
557	556	2	 1.000064	 0.500032
558	557	2	 1.000378	 0.500189
559	558	2	 1.000824	 0.500412
560	559	2	 0.999170	 0.499585
561	560	2	 0.999558	 0.499779
562	561	2	 1.000950	 0.500475
563	562	2	 0.999999	 0.500000
564	563	2	 1.000351	 0.500176
565	564	2	 1.000215	 0.500107
566	565	0	 0.000000	 0.000000
567	566	2	 0.999186	 0.499593
568	567	2	 1.000082	 0.500041
569	568	0	 0.000000	 0.000000
570	569	2	 1.000750	 0.500375
571	570	2	 1.000703	 0.500352
572	571	2	 1.000220	 0.500110
573	572	2	 1.000768	 0.500384
574	573	2	 1.000000	 0.500000
575	574	2	 1.000083	 0.500042
576	575	2	 1.000064	 0.500032
577	576	0	 0.000000	 0.000000
578	577	1	 0.500067	 0.500067
579	578	2	 1.000820	 0.500410
580	579	2	 0.999188	 0.499594
581	580	1	 0.500064	 0.500064
582	581	2	 1.000362	 0.500181
583	582	2	 1.000759	 0.500380
584	583	2	 0.999813	 0.499907
585	584	2	 0.999561	 0.499781
586	585	2	 0.999607	 0.499803
587	586	2	 0.999173	 0.499586
588	587	2	 1.000223	 0.500111
589	588	2	 0.999813	 0.499906
590	589	0	 0.000000	 0.000000
591	590	0	 0.000000	 0.000000
592	591	1	 0.500066	 0.500066
593	592	2	 1.000346	 0.500173
594	593	2	 0.999179	 0.499589
595	594	2	 0.999173	 0.499586
596	595	2	 1.000064	 0.500032
597	596	2	 1.000370	 0.500185
598	597	2	 1.001074	 0.500537
599	598	2	 0.999999	 0.500000
600	599	2	 1.000350	 0.500175
601	600	0	 0.000000	 0.000000
602	601	2	 1.000829	 0.500415
603	602	2	 1.000755	 0.500378
604	603	2	 1.000082	 0.500041
605	604	2	 1.000082	 0.500041
606	605	2	 0.999557	 0.499778
607	606	2	 0.999178	 0.499589
608	607	2	 1.000778	 0.500389
609	608	2	 0.999555	 0.499778
610	609	2	 1.000372	 0.500186
611	610	2	 1.000755	 0.500378
612	611	2	 0.999812	 0.499906
613	612	2	 1.001080	 0.500540
614	613	2	 1.000224	 0.500112
615	614	2	 0.999607	 0.499804
616	615	2	 0.999555	 0.499778
617	616	2	 0.999999	 0.499999
618	617	2	 0.999171	 0.499585
619	618	0	 0.000000	 0.000000
620	619	2	 1.000226	 0.500113
621	620	2	 1.000787	 0.500393
622	621	0	 0.000000	 0.000000
623	622	2	 1.000764	 0.500382
624	623	0	 0.000000	 0.000000
625	624	2	 1.000967	 0.500483
626	625	2	 1.000764	 0.500382
627	626	2	 1.000973	 0.500487
628	627	1	 0.500067	 0.500067
629	628	2	 1.000224	 0.500112
630	629	2	 1.000971	 0.500486
631	630	2	 1.001068	 0.500534
632	631	2	 1.000064	 0.500032
633	632	2	 1.000777	 0.500389
634	633	2	 0.999606	 0.499803
635	634	2	 0.999605	 0.499803
636	635	2	 1.000084	 0.500042
637	636	0	 0.000000	 0.000000
638	637	2	 0.999605	 0.499802
639	638	2	 0.999815	 0.499907
640	639	2	 0.999552	 0.499776
641	640	2	 0.999814	 0.499907
642	641	0	 0.000000	 0.000000
643	642	2	 1.000760	 0.500380
644	643	2	 0.999817	 0.499908
645	644	0	 0.000000	 0.000000
646	645	2	 0.999610	 0.499805
647	646	2	 1.000374	 0.500187
648	647	2	 1.000081	 0.500041
649	648	2	 1.000704	 0.500352
650	649	2	 0.999562	 0.499781
651	650	1	 0.500070	 0.500070
652	651	2	 1.000810	 0.500405
653	652	2	 1.000753	 0.500377
654	653	2	 1.001054	 0.500527
655	654	2	 0.999822	 0.499911
656	655	0	 0.000000	 0.000000
657	656	0	 0.000000	 0.000000
658	657	2	 0.999612	 0.499806
659	658	2	 1.000701	 0.500350
660	659	0	 0.000000	 0.000000
661	660	1	 0.500071	 0.500071
662	661	2	 1.001075	 0.500538
663	662	0	 0.000000	 0.000000
664	663	0	 0.000000	 0.000000
665	664	0	 0.000000	 0.000000
666	665	0	 0.000000	 0.000000
667	666	2	 1.000950	 0.500475
668	667	2	 1.000770	 0.500385
669	668	0	 0.000000	 0.000000
670	669	2	 0.999826	 0.499913
671	670	2	 1.000061	 0.500031
672	671	2	 1.000769	 0.500384
673	672	2	 1.000381	 0.500190
674	673	2	 0.999826	 0.499913
675	674	2	 1.000813	 0.500407
676	675	0	 0.000000	 0.000000
677	676	2	 0.999825	 0.499912
678	677	2	 1.000759	 0.500380
679	678	2	 1.000755	 0.500378
680	679	2	 1.000377	 0.500189
681	680	2	 0.999562	 0.499781
682	681	1	 0.500072	 0.500072
683	682	2	 1.000080	 0.500040
684	683	2	 1.000762	 0.500381
685	684	2	 0.999178	 0.499589
686	685	2	 0.999608	 0.499804
687	686	2	 1.000061	 0.500031
688	687	2	 1.000360	 0.500180
689	688	2	 0.999562	 0.499781
690	689	2	 1.000061	 0.500031
691	690	2	 1.000079	 0.500040
692	691	0	 0.000000	 0.000000
693	692	2	 0.999608	 0.499804
694	693	2	 1.001071	 0.500536
695	694	2	 1.000706	 0.500353
696	695	2	 1.000061	 0.500031
697	696	2	 1.000078	 0.500039
698	697	2	 1.000771	 0.500385
699	698	2	 1.000764	 0.500382
700	699	2	 0.999608	 0.499804
701	700	0	 0.000000	 0.000000
702	701	2	 0.999998	 0.499999
703	702	2	 1.000373	 0.500187
704	703	2	 0.999997	 0.499999
705	704	2	 1.000761	 0.500380
706	705	2	 1.000763	 0.500382
707	706	2	 1.000760	 0.500380
708	707	1	 0.499537	 0.499537
709	708	2	 1.000956	 0.500478
710	709	2	 0.999553	 0.499777
711	710	2	 0.999554	 0.499777
712	711	2	 1.000079	 0.500039
713	712	2	 1.000078	 0.500039
714	713	2	 1.000957	 0.500478
715	714	2	 0.999996	 0.499998
716	715	2	 0.999603	 0.499801
717	716	2	 0.999604	 0.499802
718	717	2	 1.000769	 0.500385
719	718	2	 0.999603	 0.499801
720	719	2	 1.000705	 0.500352
721	720	2	 1.000814	 0.500407
722	721	2	 1.000376	 0.500188
723	722	2	 0.999551	 0.499775
724	723	2	 1.000719	 0.500360
725	724	0	 0.000000	 0.000000
726	725	2	 1.001094	 0.500547
727	726	0	 0.000000	 0.000000
728	727	2	 1.000076	 0.500038
729	728	2	 1.001108	 0.500554
730	729	2	 0.999811	 0.499906
731	730	2	 1.000220	 0.500110
732	731	2	 1.000839	 0.500419
733	732	0	 0.000000	 0.000000
734	733	2	 1.000383	 0.500192
735	734	0	 0.000000	 0.000000
736	735	2	 0.999813	 0.499906
737	736	2	 1.000063	 0.500032
738	737	0	 0.000000	 0.000000
739	738	2	 1.000724	 0.500362
740	739	2	 0.999812	 0.499906
741	740	2	 1.000363	 0.500182
742	741	0	 0.000000	 0.000000
743	742	1	 0.499527	 0.499527
744	743	0	 0.000000	 0.000000
745	744	2	 0.999996	 0.499998
746	745	2	 0.999544	 0.499772
747	746	2	 1.000787	 0.500394
748	747	0	 0.000000	 0.000000
749	748	2	 1.000219	 0.500109
750	749	2	 1.000370	 0.500185
751	750	1	 0.499521	 0.499521
752	751	2	 1.000734	 0.500367
753	752	2	 0.999811	 0.499905
754	753	2	 1.000844	 0.500422
755	754	0	 0.000000	 0.000000
756	755	1	 0.500070	 0.500070
757	756	2	 0.999543	 0.499772
758	757	2	 1.000216	 0.500108
759	758	2	 0.999996	 0.499998
760	759	2	 1.000831	 0.500416
761	760	2	 0.999996	 0.499998
762	761	2	 1.000838	 0.500419
763	762	2	 1.000376	 0.500188
764	763	2	 0.999591	 0.499796
765	764	0	 0.000000	 0.000000
766	765	2	 1.000364	 0.500182
767	766	2	 1.000843	 0.500422
768	767	2	 1.000986	 0.500493
769	768	2	 1.000381	 0.500191
770	769	2	 1.000382	 0.500191
771	770	2	 1.000081	 0.500041
772	771	0	 0.000000	 0.000000
773	772	2	 1.001108	 0.500554
774	773	2	 0.999540	 0.499770
775	774	2	 1.000730	 0.500365
776	775	0	 0.000000	 0.000000
777	776	2	 1.000223	 0.500112
778	777	2	 0.999998	 0.499999
779	778	2	 1.000225	 0.500113
780	779	2	 1.000721	 0.500360
781	780	2	 1.000083	 0.500041
782	781	2	 1.000225	 0.500113
783	782	2	 1.000992	 0.500496
784	783	2	 1.000226	 0.500113
785	784	2	 0.999544	 0.499772
786	785	2	 0.999999	 0.499999
787	786	2	 1.000361	 0.500180
788	787	0	 0.000000	 0.000000
789	788	2	 0.999813	 0.499907
790	789	2	 1.000716	 0.500358
791	790	2	 0.999159	 0.499580
792	791	0	 0.000000	 0.000000
793	792	2	 1.001096	 0.500548
794	793	0	 0.000000	 0.000000
795	794	2	 1.000987	 0.500494
796	795	2	 1.001106	 0.500553
797	796	2	 1.000378	 0.500189
798	797	2	 0.999595	 0.499797
799	798	1	 0.500072	 0.500072
800	799	1	 0.500071	 0.500071
801	800	2	 1.000787	 0.500393
802	801	1	 0.499518	 0.499518
803	802	2	 0.999139	 0.499569
804	803	1	 0.500072	 0.500072
805	804	2	 1.000389	 0.500194
806	805	0	 0.000000	 0.000000
807	806	2	 0.999538	 0.499769
808	807	2	 0.999538	 0.499769
809	808	0	 0.000000	 0.000000
810	809	1	 0.500074	 0.500074
811	810	2	 1.000975	 0.500487
812	811	2	 1.000220	 0.500110
813	812	0	 0.000000	 0.000000
814	813	2	 1.000766	 0.500383
815	814	2	 1.000716	 0.500358
816	815	2	 0.999813	 0.499906
817	816	2	 1.001094	 0.500547
818	817	2	 0.999596	 0.499798
819	818	2	 1.000064	 0.500032
820	819	2	 1.001097	 0.500549
821	820	2	 1.000064	 0.500032
822	821	0	 0.000000	 0.000000
823	822	2	 1.000222	 0.500111
824	823	0	 0.000000	 0.000000
825	824	2	 1.000769	 0.500384
826	825	1	 0.499532	 0.499532
827	826	2	 0.999163	 0.499582
828	827	2	 1.000380	 0.500190
829	828	2	 0.999555	 0.499778
830	829	1	 0.499539	 0.499539
831	830	2	 1.000772	 0.500386
832	831	2	 0.999998	 0.499999
833	832	0	 0.000000	 0.000000
834	833	2	 0.999813	 0.499906
835	834	1	 0.499549	 0.499549
836	835	2	 0.999609	 0.499804
837	836	2	 1.000753	 0.500377
838	837	1	 0.499533	 0.499533
839	838	0	 0.000000	 0.000000
840	839	2	 1.001124	 0.500562
841	840	2	 0.999805	 0.499903
842	841	0	 0.000000	 0.000000
843	842	2	 1.000228	 0.500114
844	843	2	 1.000722	 0.500361
845	844	2	 1.000771	 0.500385
846	845	2	 1.000728	 0.500364
847	846	2	 1.000711	 0.500356
848	847	2	 1.000848	 0.500424
849	848	2	 0.999577	 0.499789
850	849	2	 1.000729	 0.500364
851	850	2	 0.999581	 0.499790
852	851	2	 1.000070	 0.500035
853	852	1	 0.500065	 0.500065
854	853	2	 1.000240	 0.500120
855	854	2	 1.000887	 0.500444
856	855	0	 0.000000	 0.000000
857	856	1	 0.500068	 0.500068
858	857	1	 0.499504	 0.499504
859	858	1	 0.500073	 0.500073
860	859	2	 0.999790	 0.499895
861	860	2	 0.999094	 0.499547
862	861	2	 1.000071	 0.500036
863	862	2	 0.999562	 0.499781
864	863	2	 1.000791	 0.500395
865	864	2	 1.000838	 0.500419
866	865	2	 0.999492	 0.499746
867	866	2	 0.999047	 0.499523
868	867	0	 0.000000	 0.000000
869	868	2	 1.000807	 0.500404
870	869	2	 1.000397	 0.500198
871	870	2	 1.000877	 0.500439
872	871	2	 1.000087	 0.500043
873	872	2	 1.000075	 0.500037
874	873	0	 0.000000	 0.000000
875	874	2	 0.999992	 0.499996
876	875	0	 0.000000	 0.000000
877	876	1	 0.500067	 0.500067
878	877	2	 1.000814	 0.500407
879	878	2	 1.000367	 0.500184
880	879	0	 0.000000	 0.000000
881	880	2	 1.000353	 0.500176
882	881	2	 0.999541	 0.499771
883	882	2	 0.999987	 0.499993
884	883	1	 0.499500	 0.499500
885	884	2	 0.999987	 0.499993
886	885	2	 1.000910	 0.500455
887	886	0	 0.000000	 0.000000
888	887	2	 0.999502	 0.499751
889	888	2	 1.000246	 0.500123
890	889	2	 1.000252	 0.500126
891	890	2	 1.000076	 0.500038
892	891	2	 1.001098	 0.500549
893	892	2	 1.001095	 0.500547
894	893	2	 0.999739	 0.499869
895	894	2	 0.999527	 0.499764
896	895	2	 1.001225	 0.500612
897	896	2	 1.000789	 0.500395
898	897	2	 1.000863	 0.500431
899	898	2	 1.000261	 0.500130
900	899	2	 1.000851	 0.500425
901	900	2	 1.000344	 0.500172
902	901	2	 1.000821	 0.500411
903	902	1	 0.499486	 0.499486
904	903	2	 1.000078	 0.500039
905	904	1	 0.499480	 0.499480
906	905	0	 0.000000	 0.000000
907	906	2	 1.000373	 0.500186
908	907	2	 1.001153	 0.500577
909	908	2	 0.999995	 0.499998
910	909	2	 1.000340	 0.500170
911	910	2	 0.999574	 0.499787
912	911	2	 0.999994	 0.499997
913	912	2	 1.000307	 0.500153
914	913	2	 1.000277	 0.500139
915	914	0	 0.000000	 0.000000
916	915	2	 1.000835	 0.500418
917	916	1	 0.499655	 0.499655
918	917	2	 1.000675	 0.500338
919	918	2	 1.000564	 0.500282
920	919	2	 0.999686	 0.499843
921	920	2	 1.000538	 0.500269
922	921	2	 1.000678	 0.500339
923	922	2	 1.000042	 0.500021
924	923	2	 0.999718	 0.499859
925	924	2	 1.000515	 0.500258
926	925	2	 1.000475	 0.500238
927	926	2	 1.000594	 0.500297
928	927	2	 1.000046	 0.500023
929	928	2	 0.999861	 0.499931
930	929	2	 0.999673	 0.499836
931	930	1	 0.499660	 0.499660
932	931	2	 1.000046	 0.500023
933	932	2	 1.000262	 0.500131
934	933	2	 0.999678	 0.499839
935	934	2	 1.000051	 0.500025
936	935	2	 1.000747	 0.500373
937	936	2	 1.000603	 0.500302
938	937	2	 0.999668	 0.499834
939	938	2	 0.999390	 0.499695
940	939	2	 1.002183	 0.501092
941	940	2	 1.001681	 0.500840
942	941	0	 0.000000	 0.000000
943	942	2	 1.001581	 0.500791
944	943	2	 1.001794	 0.500897
945	944	2	 1.000710	 0.500355
946	945	0	 0.000000	 0.000000
947	946	2	 1.002452	 0.501226
948	947	0	 0.000000	 0.000000
949	948	2	 1.002403	 0.501202
950	949	2	 1.000155	 0.500078
951	950	0	 0.000000	 0.000000
952	951	0	 0.000000	 0.000000
953	952	1	 0.499003	 0.499003
954	953	2	 1.000513	 0.500257
955	954	2	 1.002389	 0.501194
956	955	0	 0.000000	 0.000000
957	956	2	 1.001783	 0.500891
958	957	2	 1.000105	 0.500052
959	958	2	 1.001046	 0.500523
960	959	2	 1.001545	 0.500772
961	960	2	 1.001134	 0.500567
962	961	0	 0.000000	 0.000000
963	962	2	 0.999404	 0.499702
964	963	2	 1.000103	 0.500052
965	964	1	 0.500365	 0.500365
966	965	2	 1.001284	 0.500642
967	966	2	 1.001344	 0.500672
968	967	2	 1.002367	 0.501183
969	968	2	 1.002096	 0.501048
970	969	2	 1.000121	 0.500060
971	970	0	 0.000000	 0.000000
972	971	2	 1.002461	 0.501231
973	972	2	 0.999978	 0.499989
974	973	2	 0.999969	 0.499984
975	974	2	 1.001391	 0.500695
976	975	2	 0.998143	 0.499072
977	976	1	 0.500400	 0.500400
978	977	2	 1.000105	 0.500052
979	978	2	 1.002387	 0.501193
980	979	2	 1.002076	 0.501038
981	980	2	 1.002337	 0.501169
982	981	2	 1.002350	 0.501175
983	982	2	 1.001924	 0.500962
984	983	2	 0.999225	 0.499612
985	984	2	 1.002070	 0.501035
986	985	2	 1.002058	 0.501029
987	986	0	 0.000000	 0.000000
988	987	2	 1.000102	 0.500051
989	988	2	 1.002404	 0.501202
990	989	2	 1.002280	 0.501140
991	990	2	 1.001330	 0.500665
992	991	2	 1.002153	 0.501077
993	992	2	 1.002535	 0.501268
994	993	2	 1.002209	 0.501105
995	994	2	 1.002112	 0.501056
996	995	2	 1.000469	 0.500235
997	996	2	 1.002855	 0.501427
998	997	1	 0.500365	 0.500365
999	998	2	 0.999148	 0.499574
1000	999	2	 1.000667	 0.500334
1001	1000	2	 0.998910	 0.499455
1002	1001	0	 0.000000	 0.000000
1003	1002	2	 1.001410	 0.500705
1004	1003	2	 1.002480	 0.501240
1005	1004	2	 0.999154	 0.499577
1006	1005	2	 0.997806	 0.498903
1007	1006	2	 1.002273	 0.501137
1008	1007	2	 1.002475	 0.501238
1009	1008	2	 1.002910	 0.501455
1010	1009	2	 1.002456	 0.501228
1011	1010	2	 1.001292	 0.500646
1012	1011	0	 0.000000	 0.000000
1013	1012	2	 1.000110	 0.500055
1014	1013	2	 1.000106	 0.500053
1015	1014	2	 1.002937	 0.501468
1016	1015	2	 1.000658	 0.500329
1017	1016	2	 1.002510	 0.501255
1018	1017	1	 0.498683	 0.498683
1019	1018	2	 1.000124	 0.500062
1020	1019	2	 1.000510	 0.500255
1021	1020	2	 1.002581	 0.501290
1022	1021	2	 1.002195	 0.501098
1023	1022	2	 1.001443	 0.500722
1024	1023	2	 1.002743	 0.501372
1025	1024	2	 1.000493	 0.500246
1026	1025	2	 1.001438	 0.500719
1027	1026	2	 1.002948	 0.501474
1028	1027	2	 1.000626	 0.500313
1029	1028	2	 0.999768	 0.499884
1030	1029	2	 1.002560	 0.501280
1031	1030	2	 1.002118	 0.501059
1032	1031	2	 1.002743	 0.501371
1033	1032	2	 1.000467	 0.500233
1034	1033	2	 0.997722	 0.498861
1035	1034	2	 1.002851	 0.501426
1036	1035	2	 1.002175	 0.501088
1037	1036	0	 0.000000	 0.000000
1038	1037	2	 1.000110	 0.500055
1039	1038	2	 1.002315	 0.501157
1040	1039	2	 1.000468	 0.500234
1041	1040	2	 1.001319	 0.500660
1042	1041	2	 0.997763	 0.498881
1043	1042	1	 0.500364	 0.500364
1044	1043	2	 1.000482	 0.500241
