386
613
8
496
915
52
504
954
813
339
357
862
881
636
436
471
758
669
238
763
373
967
252
159
285
30
251
201
109
325
553
217
144
584
64
986
893
649
707
545
194
342
644
922
673
456
435
416
273
84
222
539
815
871
410
730
961
524
943
863
873
520
221
785
317
978
839
484
831
599
335
883
413
727
716
97
729
48
63
939
934
385
476
404
162
7
715
396
1018
176
819
920
1030
531
698
480
722
702
6
34
689
528
769
156
289
117
990
23
925
262
723
560
31
366
522
228
184
634
778
830
372
682
198
1035
662
263
308
381
1017
20
710
336
749
56
726
1011
1008
150
33
331
956
624
432
929
25
979
891
185
191
29
112
103
420
345
424
22
11
214
909
434
738
989
968
807
233
532
506
900
256
208
602
333
181
882
489
806
767
670
175
403
687
793
247
446
850
540
901
583
608
653
466
836
728
887
70
884
768
485
866
536
997
870
752
569
1023
359
483
966
847
598
861
334
757
328
1039
858
132
1001
671
164
408
192
844
988
681
816
712
314
592
975
1043
249
4
265
151
800
754
362
980
809
547
972
580
75
621
179
788
284
632
182
985
199
365
734
407
429
463
991
104
945
585
948
597
123
495
266
152
101
513
919
703
782
1015
541
178
940
855
462
629
212
955
167
646
417
1033
433
759
203
951
658
343
465
346
141
315
384
197
61
40
789
139
349
477
323
275
825
158
586
984
907
361
121
642
293
431
232
370
260
555
371
356
224
878
401
743
693
236
219
695
711
312
200
552
845
414
706
237
657
39
714
218
559
125
95
171
35
245
835
701
928
784
696
832
115
229
15
543
918
225
188
875
1000
47
824
724
439
762
588
933
549
685
180
548
278
298
166
798
494
746
215
437
111
93
908
443
243
913
38
904
374
464
153
521
765
318
970
573
828
898
652
993
965
526
713
501
50
442
558
227
369
58
610
544
556
633
230
947
774
665
94
272
54
546
1004
776
700
1044
535
72
570
874
26
995
1022
274
46
787
425
827
554
942
651
963
596
590
91
551
614
45
576
65
459
579
617
941
458
503
421
204
735
675
304
505
282
668
510
306
133
969
119
394
303
27
699
190
609
571
83
527
931
363
643
519
17
760
108
291
1038
848
557
380
135
379
810
721
288
755
704
449
667
196
672
87
663
582
258
804
447
287
747
1
581
745
741
452
66
983
354
849
912
960
36
655
71
822
19
1042
355
340
62
383
332
450
880
319
479
691
210
846
688
148
67
280
674
455
74
516
193
37
388
453
977
605
226
1037
684
801
276
791
186
894
631
795
309
992
982
28
876
316
834
497
640
808
1020
43
257
1003
426
51
118
92
127
678
645
661
799
1031
55
472
140
563
761
619
402
756
502
683
783
430
205
914
591
320
996
656
818
160
387
234
962
24
637
341
267
946
368
676
165
59
261
418
438
865
820
12
397
1029
1025
772
120
440
78
852
659
786
896
926
523
3
364
509
239
833
817
568
376
250
297
906
736
467
864
888
575
360
742
725
885
482
378
149
157
395
612
44
843
899
895
490
18
868
5
411
42
829
73
1009
377
616
96
639
823
344
448
329
292
475
100
114
1013
406
794
514
773
246
957
69
400
537
86
770
14
488
398
409
892
89
525
936
347
461
231
625
1006
299
216
1002
826
567
577
777
709
856
264
324
837
593
886
998
1040
1012
270
90
802
305
311
79
708
259
195
300
301
606
805
618
780
116
974
854
1036
468
170
32
422
352
622
1026
935
348
562
351
124
953
460
679
744
578
481
507
487
470
136
277
98
604
137
902
405
779
393
595
867
296
641
766
533
253
538
128
107
781
155
358
41
454
686
952
337
138
518
168
879
399
1034
677
821
903
508
666
113
647
565
916
853
21
129
811
451
445
660
731
924
927
173
697
1032
1028
626
213
905
147
534
13
594
327
441
161
500
572
154
391
322
623
491
1041
750
110
999
842
80
717
248
473
949
99
775
603
932
589
183
2
307
959
209
771
49
627
877
269
240
753
419
1021
1027
600
615
105
921
177
321
294
964
68
814
857
254
241
851
283
732
566
550
911
748
375
290
281
981
790
9
498
493
530
1014
350
796
145
268
739
242
917
85
76
106
841
692
529
286
694
163
131
189
803
690
310
313
16
367
574
607
718
392
187
587
444
478
971
733
174
938
1019
469
330
950
910
77
1016
648
869
223
564
1005
542
719
10
499
511
958
872
664
611
923
650
122
638
797
751
326
515
279
512
338
255
102
620
976
973
207
492
720
82
130
930
235
146
60
169
1010
1007
486
601
295
517
244
390
889
57
220
561
635
172
126
764
812
840
474
142
81
53
628
428
792
302
457
897
353
202
680
143
705
740
838
206
382
423
427
987
737
1024
88
271
994
860
937
890
859
134
944
630
389
415
412
654
211
