448
252
544
517
771
696
12
875
816
302
701
230
429
1026
223
938
637
769
328
620
89
308
13
697
491
795
476
625
953
106
414
935
423
515
969
152
699
194
416
723
351
376
599
600
610
988
624
310
543
206
880
612
510
706
47
307
593
810
83
922
344
239
431
540
838
326
136
342
975
398
33
389
707
655
253
634
573
161
812
577
590
719
690
1036
606
669
19
489
499
494
323
387
749
90
656
659
179
588
359
944
311
349
163
984
320
884
1000
1030
197
845
5
886
580
1001
951
788
981
237
615
297
802
636
99
6
276
420
592
188
986
100
718
264
451
688
932
695
412
337
640
157
860
353
269
691
205
492
241
982
260
931
827
734
444
156
901
396
643
736
240
685
104
468
388
856
433
910
873
138
805
214
579
200
648
404
87
525
712
318
338
650
77
391
190
906
126
639
121
295
940
475
484
673
437
380
324
768
660
117
513
473
569
828
108
657
94
621
278
18
185
267
394
556
426
313
887
39
687
874
28
631
409
128
331
562
406
704
292
257
963
86
207
798
382
196
904
502
819
50
64
198
1012
53
994
54
937
752
740
658
1043
430
317
101
1017
604
742
918
22
619
375
611
231
57
570
664
262
652
62
296
960
471
1027
823
1023
386
17
447
681
271
589
34
949
859
756
817
469
900
372
584
833
990
694
644
716
333
751
14
477
930
348
1042
20
869
395
355
585
608
979
306
304
649
75
567
865
553
178
341
1013
881
549
977
273
381
730
1033
686
539
173
487
750
925
882
961
972
714
967
135
670
692
748
890
908
792
787
976
294
102
809
654
218
332
1041
980
436
987
668
671
439
952
467
105
216
814
762
370
385
238
459
883
424
853
145
647
8
247
522
103
867
180
546
811
470
780
528
778
316
274
801
481
327
300
383
713
550
415
534
335
159
834
82
941
861
929
478
983
48
1038
149
42
154
916
184
594
256
700
44
486
1002
246
581
646
565
879
421
270
127
774
123
1018
107
679
109
120
973
829
899
265
293
210
755
927
32
537
490
877
998
168
757
187
336
244
959
566
715
770
840
283
446
947
234
835
483
735
843
747
991
410
118
601
61
272
445
148
876
852
7
217
258
966
291
766
158
964
839
369
350
462
506
807
578
357
864
822
564
215
763
211
334
851
666
29
139
555
974
531
586
815
474
229
434
841
672
978
999
614
479
224
84
724
325
495
626
147
1008
731
60
711
663
78
591
504
813
403
132
312
629
920
996
46
1011
511
603
842
907
213
122
360
165
235
299
31
1029
955
576
2
532
682
898
914
45
786
488
137
773
367
160
153
917
417
1032
65
909
781
354
903
693
563
791
653
373
419
1021
66
503
902
364
96
55
804
435
885
533
88
799
91
482
203
93
452
79
1006
524
309
343
630
512
847
560
440
268
365
402
281
538
680
70
759
675
49
1024
894
176
454
457
112
282
68
129
943
23
202
162
315
189
760
303
425
970
919
287
378
1040
597
322
950
339
1019
627
209
1014
124
722
784
645
888
362
58
992
171
710
261
1020
732
526
557
249
948
820
997
1028
956
52
667
460
746
69
676
225
613
1031
384
605
1034
227
521
40
957
208
854
329
67
547
36
1025
635
113
783
617
895
182
361
191
321
199
74
266
623
111
858
172
849
729
298
352
255
662
808
806
142
632
921
222
830
717
1044
1003
1009
400
733
924
720
170
905
85
220
821
41
945
892
92
116
392
140
280
405
933
286
896
530
228
870
98
250
212
737
878
520
251
836
245
131
464
831
340
514
954
133
583
186
561
587
288
598
574
519
500
443
59
143
832
1035
775
505
401
684
277
4
868
43
939
221
705
1004
552
3
363
366
305
248
509
38
427
15
800
177
928
374
741
450
911
738
174
183
134
962
259
698
27
857
458
285
641
989
114
150
971
379
936
745
254
665
95
607
622
461
826
946
572
818
16
242
236
743
913
155
872
862
71
558
863
301
765
678
726
408
995
442
125
130
164
432
233
618
80
1022
1007
628
193
602
825
289
466
25
456
968
772
702
912
72
709
73
330
11
793
595
119
1039
279
871
498
485
358
551
965
926
290
169
985
545
777
24
146
390
76
480
345
708
115
441
56
275
411
797
192
516
744
151
201
758
455
785
703
754
721
10
850
26
889
393
725
21
993
616
674
508
371
942
453
226
51
356
263
727
377
166
776
529
219
638
651
1
789
413
548
848
314
35
63
790
319
9
527
837
633
204
542
609
683
407
232
571
536
501
284
559
596
761
497
1016
893
767
575
507
958
243
463
535
449
30
422
846
81
844
438
642
1010
428
167
782
794
661
1015
493
541
1005
110
677
399
368
866
753
346
934
181
1037
397
144
728
891
855
554
465
496
689
764
418
779
923
472
347
175
97
37
803
518
568
195
523
824
915
796
739
582
141
897
