326
19
319
16
881
891
663
694
54
794
845
60
862
916
613
286
284
684
476
655
669
484
974
654
982
385
934
162
799
634
612
90
29
775
962
462
1039
943
477
742
618
323
177
115
895
993
204
711
805
113
529
945
528
682
981
532
614
931
564
958
120
347
95
44
408
629
976
825
493
959
567
661
890
248
18
581
893
725
39
180
391
1026
783
77
620
722
375
582
489
213
741
393
429
652
92
505
847
900
975
35
834
566
56
762
403
491
599
795
853
687
50
596
814
368
780
540
436
657
955
837
555
359
481
298
38
457
158
119
424
382
797
899
640
954
630
255
727
951
388
165
509
729
723
638
1012
25
40
254
835
34
552
830
136
196
365
963
335
332
883
831
879
483
153
387
272
454
195
501
246
1002
665
617
969
89
521
48
290
193
972
109
514
306
224
24
1016
549
867
680
131
651
316
866
366
214
766
857
645
754
1010
986
304
1014
534
527
79
185
478
731
507
760
860
257
169
370
526
681
576
448
610
384
849
865
230
188
1015
1025
97
839
543
91
349
114
511
508
854
1021
517
697
705
98
901
215
179
125
843
792
804
1029
78
172
66
63
495
796
11
100
496
559
933
748
426
713
904
662
94
500
281
438
923
906
377
809
822
283
856
383
458
320
143
777
299
445
133
594
815
14
926
142
938
707
922
276
163
233
591
367
76
607
636
668
749
241
317
588
30
176
884
297
1022
244
217
482
168
121
1000
952
525
887
908
264
550
852
786
968
175
691
372
23
570
743
970
757
212
547
751
222
1033
228
788
348
882
790
223
9
979
1023
240
1005
308
334
1006
285
736
1043
702
875
434
997
330
45
913
811
844
430
318
771
773
321
404
141
539
386
585
329
590
988
858
639
466
642
440
545
692
343
294
96
902
850
1011
164
516
197
546
256
275
187
593
227
671
291
772
191
793
535
871
145
83
530
704
487
205
47
149
362
597
903
232
985
70
512
314
656
207
756
51
156
821
888
673
598
927
973
519
621
706
490
380
832
994
643
49
87
925
456
861
303
260
108
774
428
880
437
980
625
798
147
402
360
499
394
580
1003
964
575
497
885
479
696
128
338
123
86
781
337
182
247
364
758
340
259
873
536
910
956
414
435
398
991
667
789
277
746
322
710
12
245
829
996
538
628
253
378
389
167
67
719
494
405
181
21
838
745
46
551
134
132
840
237
295
442
907
112
579
589
523
99
909
666
236
151
601
171
965
358
139
1019
65
178
602
41
967
999
753
571
563
465
810
801
889
842
977
8
542
992
608
373
439
427
219
677
1017
300
460
763
225
941
399
106
641
957
379
626
735
1008
43
289
752
712
726
791
699
544
339
953
189
841
267
920
17
911
770
413
312
924
453
558
813
1037
583
679
522
396
455
307
425
868
7
653
351
282
664
1031
1038
469
870
127
468
199
341
1018
936
633
807
983
202
194
170
572
369
33
611
157
69
568
269
461
689
265
273
1024
415
400
715
52
769
13
1028
937
6
632
604
787
450
718
833
443
592
676
784
473
107
409
935
390
480
302
407
737
619
734
263
533
605
37
10
184
987
557
960
423
698
631
355
609
459
553
806
392
709
431
950
785
102
1040
978
210
878
872
432
730
135
80
560
116
336
768
381
235
524
595
274
262
174
877
646
352
660
192
451
342
59
138
243
930
584
251
803
622
82
971
354
616
85
569
111
670
765
998
828
778
948
280
623
492
27
721
733
738
58
231
917
740
252
325
1001
921
750
513
554
683
688
823
71
292
395
327
695
932
561
851
361
200
817
1032
708
627
824
296
874
728
648
896
864
124
819
410
905
1020
22
518
216
421
548
201
603
942
353
268
506
820
918
470
417
333
586
672
644
541
502
42
914
309
140
238
759
685
944
886
313
72
848
488
75
148
152
578
126
144
406
693
863
61
397
166
732
2
218
1007
869
940
463
293
452
779
301
117
412
755
234
74
515
150
915
416
26
1009
331
287
898
419
503
93
966
418
615
961
912
485
600
471
53
211
649
371
635
258
3
105
929
724
846
310
739
266
68
173
472
62
198
520
345
4
782
486
122
565
118
57
159
876
449
717
894
203
155
363
703
647
674
420
1013
467
574
537
818
208
556
897
221
305
939
278
464
764
474
1044
31
1
658
239
446
1036
892
146
346
498
344
206
242
928
650
1042
220
328
1027
504
226
949
675
761
441
64
678
315
747
433
36
637
104
859
376
919
573
767
816
137
350
422
1035
160
1034
562
510
209
73
1030
356
84
995
990
279
716
183
1041
81
812
324
261
5
827
130
129
186
55
984
32
606
103
989
101
88
947
624
154
250
249
401
110
720
802
686
776
800
447
531
701
374
826
357
411
690
714
229
855
577
28
444
587
659
271
744
288
836
161
946
700
808
311
475
270
20
1004
15
190
