825
204
159
688
446
92
1020
335
573
859
795
735
888
284
642
126
77
490
707
926
886
1041
789
242
978
164
231
454
315
244
872
331
766
778
623
516
298
1030
622
63
22
429
808
843
777
286
899
740
501
575
976
1001
704
559
465
660
323
440
487
908
97
628
874
713
281
765
120
880
433
945
450
676
279
451
334
271
568
918
470
837
349
963
856
75
229
282
79
648
807
1038
81
30
594
317
262
634
997
657
558
346
639
1042
219
418
933
596
730
247
747
1009
332
272
666
132
52
562
576
161
996
1023
591
590
408
277
791
294
71
911
220
819
609
218
352
248
67
540
929
426
327
268
209
33
823
427
1014
86
363
681
214
684
584
629
551
734
545
339
598
1032
175
386
728
192
987
650
142
771
891
775
388
128
892
358
399
867
306
134
58
342
671
898
154
1006
667
595
785
887
553
719
550
610
537
153
51
28
436
890
745
624
703
36
404
935
119
849
686
227
374
772
655
722
301
950
496
943
172
314
90
1002
13
955
687
35
364
423
460
101
187
150
297
389
449
492
927
715
673
20
618
80
532
970
705
111
38
504
690
243
840
565
380
948
103
199
236
140
376
15
698
817
463
554
809
448
186
302
2
333
353
835
293
255
167
920
96
564
502
916
456
961
931
508
569
343
901
922
130
658
491
173
928
949
555
139
87
1013
56
21
37
714
773
169
359
535
136
1024
691
630
902
372
836
170
725
478
693
724
661
879
776
497
668
912
340
991
839
330
917
313
571
586
1012
760
848
827
665
754
924
481
222
473
291
633
966
743
763
135
200
536
1007
379
699
606
355
796
171
572
505
1035
635
507
42
64
495
717
462
278
972
599
4
752
788
309
900
494
858
979
956
99
152
203
283
6
417
518
493
39
155
794
755
257
632
1027
608
903
1010
424
994
803
337
190
127
442
322
468
853
869
662
431
292
981
942
952
85
34
894
147
49
593
269
149
812
866
539
742
731
261
672
265
477
973
617
1044
19
45
619
769
828
847
983
1025
813
538
857
721
183
88
531
893
9
993
295
382
474
100
393
414
556
542
959
441
654
287
561
774
435
1034
181
158
647
60
118
125
520
998
934
377
179
984
659
308
759
1016
701
371
814
455
1033
1037
805
72
98
47
793
421
61
357
488
443
851
178
31
906
611
430
258
692
406
109
1004
310
326
223
194
999
409
46
729
163
990
514
756
235
1022
471
74
198
615
1021
401
329
784
274
871
266
416
986
256
62
779
602
160
1026
407
737
592
102
546
425
143
603
201
12
968
17
644
781
656
189
682
319
300
338
78
782
73
259
855
708
876
821
733
664
403
605
806
940
510
727
802
653
25
989
797
530
670
32
878
1005
107
307
637
362
43
367
68
638
881
861
361
509
895
767
260
567
89
122
589
434
1008
133
566
882
472
411
503
631
974
413
790
868
723
604
947
700
483
810
937
3
761
677
366
841
16
207
83
422
177
108
574
669
145
312
336
453
526
964
838
40
600
820
151
249
360
458
645
1043
679
400
184
452
384
144
116
196
206
736
59
909
579
110
941
884
557
485
29
84
202
830
224
373
787
157
55
148
992
616
953
457
1017
146
663
168
420
341
489
944
544
995
695
1003
549
515
864
621
910
548
683
479
612
833
461
587
41
636
939
26
842
225
524
511
583
210
932
288
601
607
936
815
588
500
969
129
845
347
875
415
234
54
115
750
394
405
344
459
228
854
482
818
254
988
649
685
709
831
578
10
786
800
402
325
105
267
529
480
643
251
396
985
246
174
270
844
923
475
720
938
345
14
971
387
398
883
680
921
1011
65
369
962
850
738
469
980
381
165
252
873
780
627
758
749
877
626
391
498
678
506
230
519
965
512
732
764
697
180
757
241
517
832
104
1000
744
897
397
321
50
113
185
977
646
1019
299
641
525
193
253
486
213
712
212
846
76
188
522
23
131
44
739
273
982
552
57
696
748
156
804
304
746
232
913
577
946
613
239
975
328
303
870
541
216
826
5
865
106
428
354
484
467
370
221
412
904
834
957
447
324
652
94
534
138
350
263
919
1015
112
250
166
1018
53
432
123
70
860
437
48
1028
954
438
311
444
585
395
316
862
1031
521
625
570
137
563
580
356
560
289
689
245
513
753
365
82
930
240
445
824
799
162
226
770
318
547
11
285
464
914
466
296
710
620
889
114
907
7
706
141
711
499
741
967
597
1
885
896
237
439
8
863
191
211
66
1040
798
1036
528
233
829
238
951
694
925
582
368
822
410
348
651
275
718
523
1029
117
640
716
276
24
792
801
305
960
1039
385
915
124
280
320
762
543
215
674
93
217
476
18
383
390
533
581
527
205
614
290
375
351
783
751
852
121
905
768
958
675
816
419
264
27
702
208
176
195
95
378
392
69
726
811
182
197
91
