873
979
131
932
232
648
83
18
693
78
171
899
497
271
841
140
980
808
137
366
94
123
344
28
181
629
492
883
351
733
599
1001
418
871
475
2
867
431
289
904
578
222
121
1023
815
799
367
282
981
398
543
1002
138
66
363
202
941
433
151
322
670
9
714
901
335
238
750
381
260
631
432
444
132
660
533
928
686
754
840
717
360
856
534
988
745
711
718
165
651
857
471
314
553
484
248
430
124
445
350
387
251
58
869
852
298
706
231
676
984
505
356
267
427
715
780
390
90
203
810
797
107
537
731
461
55
20
221
567
690
604
974
226
75
144
823
678
384
952
591
290
116
516
887
616
496
40
198
448
691
421
279
177
101
315
291
563
617
382
133
813
997
784
374
463
114
943
3
284
511
1010
728
600
826
12
310
1035
512
240
809
17
93
1031
942
1017
881
106
87
763
454
721
22
834
340
256
687
884
487
1013
953
959
580
45
370
744
779
258
606
819
695
671
105
402
389
934
422
1024
281
668
113
391
178
1040
129
574
62
821
663
530
712
266
947
845
666
120
405
245
662
214
347
329
582
259
766
568
805
161
157
851
1042
892
104
443
747
1016
527
336
364
292
876
1003
207
359
585
939
552
184
169
152
973
700
293
435
182
318
92
115
272
97
1
607
529
753
936
866
735
526
613
965
598
701
65
737
143
622
765
836
922
950
968
175
413
249
614
927
1026
6
768
197
23
645
956
265
35
276
48
388
657
985
80
625
634
846
642
762
111
53
525
303
324
612
993
242
789
615
341
649
362
383
411
741
41
1005
450
638
16
893
907
746
917
507
81
966
774
32
191
428
379
575
608
829
890
355
508
373
185
977
924
148
539
740
312
919
675
954
317
1007
655
778
838
368
304
46
447
879
100
176
576
679
54
372
583
624
756
247
801
738
925
479
61
458
626
319
832
514
627
547
689
502
1019
295
465
862
365
331
439
536
252
757
243
719
205
742
4
588
308
39
1029
352
150
153
703
275
339
748
297
708
239
158
586
74
632
674
921
162
10
602
195
906
794
424
630
300
557
641
189
488
316
79
621
36
254
646
933
793
644
241
327
409
503
628
847
844
499
135
69
722
652
481
531
781
72
47
110
301
581
796
30
541
688
268
233
920
992
400
900
955
918
639
791
855
673
220
972
59
929
872
208
868
571
33
734
112
274
313
215
495
677
812
654
283
938
253
562
817
672
945
145
970
401
183
194
98
380
842
987
263
524
180
51
937
976
348
277
1036
485
196
807
839
519
417
636
416
510
436
1034
429
545
597
769
342
775
558
681
705
724
640
1012
474
455
720
262
758
843
767
886
27
665
397
811
589
951
117
91
910
798
500
349
489
369
395
164
978
494
453
888
535
895
664
407
732
659
326
771
509
1043
1015
878
540
874
520
983
804
246
517
940
125
343
570
212
594
635
378
795
49
305
605
1028
850
482
179
986
473
1032
1018
168
713
1027
609
257
916
515
782
620
338
187
209
467
1004
167
877
452
346
462
698
561
551
680
521
786
584
931
155
590
643
278
861
549
773
725
377
565
288
506
522
486
71
908
957
472
572
896
661
948
420
723
755
513
538
451
199
166
926
667
146
394
464
296
119
491
406
234
961
225
1030
550
619
95
523
596
752
449
386
761
73
174
820
618
330
504
228
1037
544
50
188
603
269
949
963
824
287
307
235
960
915
109
25
764
964
860
26
694
96
751
56
592
650
770
891
999
593
1033
412
118
404
1011
440
426
982
858
126
727
548
816
457
835
201
156
587
170
532
38
294
311
1044
42
64
396
1014
683
127
469
163
15
286
130
1025
935
385
633
889
477
865
1041
414
403
285
371
470
831
958
103
894
376
554
994
859
122
332
466
1020
442
480
760
438
44
909
89
777
345
334
11
546
204
864
172
601
52
913
84
86
244
441
730
882
736
542
837
800
210
776
476
912
726
34
160
437
803
139
946
216
707
224
392
1006
579
969
237
595
498
818
825
273
218
230
408
302
785
944
67
623
989
849
971
885
320
685
699
375
749
102
206
783
555
610
154
270
325
70
903
647
848
323
658
863
68
788
875
1008
250
998
828
328
459
264
656
528
236
702
518
357
697
822
653
990
709
564
468
493
60
43
141
57
833
806
478
827
792
337
425
930
880
692
1039
923
37
814
853
743
560
483
29
566
772
456
108
321
255
460
967
419
128
5
280
611
991
192
905
637
88
802
299
77
790
684
82
569
573
136
1009
261
14
490
24
556
147
669
902
134
7
229
696
911
85
870
434
200
996
759
897
898
354
173
149
739
63
190
1022
227
217
710
333
787
193
358
914
446
353
1038
223
415
142
501
716
21
8
213
19
682
219
76
559
975
309
13
1021
729
399
704
854
186
423
962
31
1000
830
99
361
995
393
159
410
211
306
577
