514
138
906
68
197
736
745
50
733
178
266
46
602
763
211
187
77
8
845
853
287
470
766
198
572
871
369
996
522
209
858
490
113
740
929
882
725
166
850
911
371
349
533
682
159
351
575
43
312
764
543
509
1
935
231
611
12
353
940
700
773
508
779
165
224
617
864
621
49
185
886
980
336
181
987
1031
528
341
960
228
401
812
344
471
616
699
920
121
207
760
75
885
447
467
946
765
182
90
183
713
589
252
203
240
188
645
465
965
875
437
664
847
870
695
260
155
221
414
878
59
817
303
802
623
361
271
196
890
172
235
518
37
907
948
910
813
698
1033
368
67
494
329
512
756
316
452
668
887
281
985
860
285
894
482
16
254
711
546
416
377
709
932
70
525
952
972
415
496
539
320
340
758
362
24
782
493
666
32
7
983
691
177
928
1017
964
1020
422
569
322
142
1015
542
662
1028
923
915
328
688
657
868
420
193
959
40
999
513
537
536
656
692
112
441
962
427
257
801
613
379
755
246
491
418
703
750
672
798
402
989
898
1001
767
892
120
556
318
653
824
356
107
1041
124
324
1040
744
421
831
587
387
1014
805
128
625
1002
311
161
313
238
319
168
370
837
481
784
814
783
1027
988
823
9
828
710
191
82
358
250
516
1019
822
541
594
600
573
426
944
373
679
314
253
884
597
903
501
1035
39
479
775
734
891
274
897
302
389
729
258
396
375
382
608
984
208
855
152
504
807
697
565
827
123
593
1021
961
914
644
64
28
739
560
658
547
618
650
408
114
280
25
507
848
815
788
1036
89
684
116
647
979
357
577
275
483
306
145
992
149
3
230
939
712
259
641
631
562
499
749
158
11
304
244
678
94
23
431
803
930
632
990
31
399
909
462
372
330
708
619
567
943
746
1038
248
661
1011
321
839
2
851
578
702
204
463
190
278
456
865
954
232
986
144
325
696
407
799
580
206
293
176
220
154
392
598
564
769
649
588
669
30
731
968
771
540
646
553
861
635
834
485
877
300
857
785
581
950
612
335
922
72
719
403
532
495
480
659
899
596
469
101
552
615
93
184
393
502
606
189
156
681
786
79
160
488
150
772
579
29
720
106
690
62
721
526
997
1044
936
816
1009
430
169
505
279
714
115
378
127
337
1039
468
140
35
726
718
687
54
912
21
164
453
22
429
604
135
558
951
925
792
866
273
981
752
385
717
582
806
942
296
637
974
118
417
820
759
561
795
728
869
614
245
620
998
99
243
297
506
826
818
10
517
348
548
147
194
269
808
216
91
510
229
261
730
213
428
241
376
722
449
125
1026
867
284
1023
1000
157
811
995
406
706
780
474
947
693
143
1024
554
515
931
570
949
85
200
294
489
41
671
227
435
236
800
390
919
346
1030
683
255
1003
242
103
486
133
768
282
639
333
676
917
237
694
838
859
433
117
233
842
445
904
770
17
908
27
1004
167
33
291
276
531
856
18
4
317
893
464
1010
195
239
969
789
519
359
360
84
880
793
689
1012
315
680
364
1029
660
905
994
741
862
448
234
797
724
627
180
137
576
544
223
80
424
131
836
574
71
476
47
555
354
595
460
557
326
451
36
267
251
217
916
879
777
993
675
735
309
953
122
65
677
705
225
455
458
60
310
48
199
52
380
141
863
876
342
212
432
583
484
288
538
873
102
219
398
295
1005
292
179
921
787
1018
926
778
264
457
374
175
971
938
409
794
397
298
436
900
410
609
638
941
762
477
129
966
78
927
439
978
332
500
383
454
821
331
833
634
874
654
26
365
549
723
937
299
586
87
704
881
450
991
630
896
74
674
270
473
963
58
307
521
347
69
535
472
381
53
825
272
642
626
42
100
977
830
924
757
958
461
956
345
1037
781
624
352
492
527
162
716
44
628
394
425
568
747
629
45
534
226
110
386
524
742
88
883
667
205
51
405
1013
66
1025
738
872
895
1007
459
774
603
804
247
338
809
411
511
982
400
34
444
934
640
105
761
791
545
173
139
466
810
829
585
438
283
153
599
551
478
81
286
976
95
529
343
727
753
673
701
38
174
63
15
92
109
119
497
132
590
955
126
201
754
566
13
663
913
404
5
170
86
202
76
975
61
73
819
98
289
843
56
363
737
1034
163
835
945
423
633
685
290
1043
391
475
520
268
523
530
1006
263
607
651
854
967
849
933
96
308
367
186
97
1022
249
277
434
210
334
148
841
503
888
355
134
214
215
902
846
743
218
559
192
108
610
111
636
790
973
550
665
171
256
413
852
440
796
130
443
563
498
970
323
707
584
146
686
776
1042
1032
622
889
957
643
601
748
487
832
918
395
571
55
19
305
222
384
446
388
715
592
14
605
412
655
670
732
1016
57
265
652
350
840
83
136
1008
327
442
844
419
6
901
339
104
262
301
151
591
366
20
648
751
