1005
283
196
704
49
456
2
208
134
322
507
410
220
407
1018
686
975
643
528
864
264
807
6
714
681
79
194
31
420
460
576
62
630
924
313
633
214
835
673
250
482
90
626
760
781
1003
155
956
713
849
319
634
11
125
1017
5
644
289
443
67
501
671
398
110
173
865
10
260
383
885
955
933
518
817
570
838
348
979
936
98
895
867
808
434
169
985
449
229
312
533
889
425
768
7
670
730
295
226
542
485
411
13
416
1029
20
756
695
138
620
594
934
132
742
891
734
99
990
825
27
640
34
1015
590
311
618
622
127
712
354
995
887
1038
178
706
384
775
884
559
183
77
916
834
831
632
959
429
179
1033
641
239
548
228
280
465
655
552
488
286
247
636
97
412
309
540
406
679
701
696
304
611
998
795
114
167
967
577
261
12
585
872
394
833
812
82
447
767
436
777
476
126
858
690
725
949
343
71
63
432
33
909
821
450
128
759
287
370
753
629
223
349
1025
747
515
265
367
669
813
500
894
797
850
772
355
281
828
981
338
840
666
770
104
379
75
987
1036
42
85
774
510
1021
36
446
452
621
303
605
21
530
133
15
152
237
862
790
1027
927
175
642
180
614
1039
92
9
103
496
940
426
296
639
430
539
897
606
752
269
877
1
569
213
798
431
364
116
191
350
881
330
616
334
439
66
627
74
996
930
763
888
805
1009
859
989
523
201
345
227
57
405
561
947
39
143
803
380
1037
769
144
902
93
504
353
575
547
971
926
829
878
649
647
527
871
499
870
59
262
918
882
512
18
462
217
279
212
314
613
928
579
317
165
843
945
931
861
245
211
744
94
729
779
880
960
932
371
1016
765
906
588
957
243
581
541
252
920
543
965
473
440
255
939
417
1024
943
111
574
324
32
815
454
164
607
667
408
53
732
761
131
964
181
599
682
822
145
278
780
342
136
56
453
816
810
716
520
978
445
368
232
325
267
301
387
360
470
1032
44
942
441
113
837
572
122
823
1010
52
87
568
950
806
793
413
423
203
492
680
318
26
401
1035
332
150
554
300
112
395
804
306
883
866
81
910
617
854
344
382
886
176
610
451
615
292
277
550
997
235
315
969
689
534
30
190
240
657
601
860
285
993
963
723
994
88
832
320
537
302
257
972
580
556
189
331
890
316
754
163
327
323
719
54
685
253
521
139
544
782
856
373
513
78
273
254
595
845
187
207
602
493
258
118
224
600
925
483
238
855
792
234
489
487
461
366
333
683
72
619
107
1002
546
678
340
288
625
589
529
37
771
185
4
1000
495
124
908
337
514
171
951
707
270
101
785
665
623
390
377
992
272
414
935
1013
876
41
603
708
991
739
428
1014
284
587
503
141
409
404
535
868
705
198
508
913
899
741
650
310
796
195
385
358
46
29
709
275
684
722
170
735
298
233
89
435
663
363
762
648
801
299
802
249
879
346
966
953
156
558
129
664
459
206
502
17
246
692
863
403
693
168
427
389
422
248
968
159
494
583
480
399
276
1031
244
23
1020
142
819
717
656
297
455
376
875
787
105
800
962
986
700
160
475
750
433
468
922
560
509
130
1044
166
438
497
108
952
378
60
564
598
827
186
830
91
506
153
266
352
917
481
162
976
1004
567
733
672
64
646
215
702
392
608
584
400
458
892
106
946
100
668
545
538
631
609
65
516
356
904
43
676
841
95
1011
755
653
954
328
177
55
182
369
786
102
525
1007
1028
565
847
970
923
115
47
563
645
578
424
199
809
836
799
915
70
335
137
783
776
219
448
789
341
791
69
677
526
818
123
76
86
204
22
811
210
826
359
944
651
896
205
726
135
562
720
751
727
242
154
736
749
68
1006
415
900
477
396
457
814
661
738
216
675
974
874
929
375
146
40
592
591
1026
524
202
551
197
745
914
688
374
147
740
19
58
192
221
660
586
571
604
308
8
193
984
184
1019
486
901
362
1034
549
766
658
140
659
912
80
948
418
336
748
788
321
209
388
51
357
911
757
218
1040
654
25
490
256
905
290
764
293
941
472
347
50
231
582
307
73
982
24
553
557
662
84
710
402
531
1030
778
694
511
200
703
372
274
14
743
282
937
236
869
479
109
16
120
83
961
38
536
517
484
1008
1042
532
652
921
391
174
151
612
442
711
329
846
824
842
628
172
464
161
596
938
121
674
691
784
898
381
268
498
241
469
1022
731
566
983
421
491
339
251
737
958
593
505
597
977
45
715
728
853
259
758
471
857
973
699
397
851
463
437
326
230
698
624
28
149
903
148
773
852
573
117
361
988
718
1041
893
351
873
386
794
919
721
638
225
119
467
3
697
907
61
1043
980
1023
96
48
466
474
305
365
35
844
222
419
746
724
522
478
519
1001
444
687
848
839
158
294
1012
291
393
157
263
271
999
188
820
635
555
637
