148
743
278
587
420
524
545
648
140
44
540
937
642
600
712
662
54
190
68
171
295
1005
989
73
614
377
551
22
605
1029
699
411
968
785
810
720
512
308
814
554
343
566
67
977
103
315
339
334
357
1002
886
503
556
168
740
691
501
17
390
1024
25
525
892
960
335
261
669
77
861
63
509
730
787
353
248
882
833
855
652
561
729
463
588
395
417
867
1031
160
709
816
275
466
326
995
828
881
101
135
156
980
1028
252
274
271
438
768
765
856
736
492
161
347
9
688
987
307
547
537
322
452
795
485
72
826
957
737
931
415
177
686
58
966
661
1040
722
321
379
443
854
986
173
742
758
69
632
212
5
388
88
157
747
1023
384
108
671
1027
550
945
130
1008
573
1018
408
297
138
924
121
718
430
825
963
431
558
462
13
435
181
530
364
822
622
797
732
81
889
381
215
251
425
702
842
209
349
459
520
324
951
844
33
1026
665
674
139
999
259
944
207
195
851
20
447
707
268
916
221
677
508
502
53
607
899
407
250
1032
590
344
823
1000
277
189
837
363
832
309
943
141
606
1014
301
290
104
35
853
432
481
208
468
196
47
367
391
815
1041
201
311
360
773
841
581
480
42
763
680
750
477
374
283
222
779
772
27
624
583
356
911
237
366
1019
484
511
246
361
128
749
663
725
628
115
697
623
776
582
328
936
376
8
700
546
675
285
510
796
515
95
609
249
226
901
436
472
885
838
708
82
571
188
898
764
1038
812
908
676
902
15
90
689
243
553
714
454
434
102
504
264
6
74
939
125
625
672
745
1033
596
869
935
240
494
14
645
619
638
947
971
777
599
820
338
738
62
475
127
389
399
962
211
1022
260
670
184
817
393
382
107
228
679
591
593
907
94
811
419
629
932
774
719
131
423
602
698
169
192
194
637
914
754
106
458
644
533
653
830
3
651
692
634
446
835
336
337
244
635
1042
346
538
575
304
955
433
539
126
96
239
396
453
276
153
217
909
183
572
913
245
775
317
1025
959
409
142
894
859
253
717
151
1015
403
954
598
199
950
235
800
650
76
920
535
291
437
331
116
887
574
577
878
536
23
180
11
771
915
265
150
630
790
845
191
641
118
219
266
87
375
449
640
756
1006
179
910
973
144
387
242
298
451
1007
660
172
616
557
658
716
392
767
78
956
4
26
158
182
197
149
668
990
385
348
288
34
100
617
214
445
715
1030
224
333
562
1004
365
514
398
319
900
979
410
1034
585
735
991
469
870
985
723
518
940
912
565
919
97
584
839
696
766
792
586
280
455
615
296
997
460
610
486
24
267
162
576
664
858
684
427
312
759
626
655
41
976
442
187
114
975
85
595
145
543
578
541
784
402
918
864
136
359
213
809
972
119
424
969
666
507
930
819
170
531
159
378
117
143
414
904
386
61
247
7
952
227
505
122
258
564
166
370
470
405
728
685
332
850
32
612
827
1044
70
489
748
589
778
91
1036
1020
802
1011
152
548
350
236
933
48
791
563
351
739
358
154
656
926
10
953
105
560
31
627
79
109
647
873
522
1021
373
112
12
29
231
355
323
270
946
1001
362
439
233
234
21
255
824
318
202
132
299
464
761
394
146
256
741
874
532
497
71
848
798
310
868
821
534
1039
705
597
801
286
498
400
843
721
457
727
906
401
762
897
806
2
39
690
592
83
555
186
479
891
206
633
1017
678
896
794
1043
1035
526
412
465
760
123
456
783
569
998
929
549
204
99
724
570
594
519
992
780
681
903
329
476
263
147
755
782
601
413
613
124
306
487
866
799
86
60
711
282
294
961
51
818
1
752
444
608
871
448
223
89
734
884
113
230
18
137
404
499
205
262
631
92
683
890
238
461
568
877
804
111
517
579
483
687
636
254
482
770
922
862
513
528
354
155
473
807
289
643
852
80
621
559
981
37
38
1013
888
84
426
925
287
978
272
165
921
57
941
703
305
704
500
218
216
368
28
840
693
994
934
279
330
927
273
846
917
110
893
232
948
284
241
302
506
52
542
66
970
521
440
59
746
863
193
203
744
1037
552
496
176
36
523
983
993
185
313
923
808
49
879
695
682
567
30
491
847
345
849
320
667
618
646
984
164
580
813
450
793
163
474
654
340
1010
1012
16
649
639
422
371
64
769
829
478
865
1009
200
65
949
50
751
988
659
406
342
175
938
883
133
325
495
733
880
905
293
488
713
611
694
281
836
527
1003
314
45
964
529
958
620
967
327
857
516
341
56
257
316
120
174
834
292
803
928
982
876
210
75
753
872
55
965
229
225
269
731
429
604
428
789
493
673
603
942
300
372
974
441
467
726
786
860
198
895
471
380
657
706
757
43
710
46
421
19
352
805
134
129
418
416
167
383
490
875
93
178
701
544
220
996
369
303
397
98
831
40
788
781
1016
