105
960
41
766
98
768
215
230
660
422
501
306
195
953
298
137
671
27
943
1
520
981
264
9
978
1004
469
1011
972
804
822
468
88
597
127
609
1044
317
782
84
183
447
511
64
252
939
148
1022
150
885
439
5
975
45
568
324
234
390
407
327
743
987
868
498
199
1012
226
420
170
771
236
1026
40
775
484
444
400
783
1033
352
197
1032
115
295
232
543
258
948
945
387
288
810
193
687
14
789
674
914
160
313
48
490
779
734
436
437
255
836
216
710
37
699
51
146
179
991
797
969
297
844
243
250
456
4
374
44
18
10
412
858
640
299
319
49
675
680
700
864
266
267
813
312
586
516
69
1041
125
738
837
631
1006
992
152
26
86
438
8
831
780
34
878
967
589
54
963
518
731
777
346
524
770
801
973
544
996
930
971
628
430
67
6
286
308
817
691
506
309
94
472
985
720
461
935
427
821
378
238
537
23
913
191
167
818
614
571
921
1028
679
888
176
316
747
496
848
417
1002
785
90
808
556
756
632
587
486
70
647
762
89
165
681
310
485
455
562
551
445
173
918
203
1009
536
823
664
800
661
499
896
976
372
569
1037
968
72
383
29
287
338
384
615
3
778
736
672
131
134
919
519
555
99
659
806
411
627
424
693
109
429
55
96
526
922
311
877
539
828
1027
487
245
431
293
944
466
606
262
192
184
512
550
875
946
79
1020
929
677
482
85
463
388
261
642
56
345
156
169
381
755
497
716
281
1036
744
702
673
489
717
903
448
443
824
535
557
786
982
599
194
494
1024
559
612
331
369
1031
741
895
666
263
201
881
560
532
22
880
221
395
794
546
399
182
814
760
616
291
300
827
826
737
727
639
351
977
715
454
902
323
11
1021
246
225
314
723
730
162
887
583
289
154
725
13
404
838
124
174
942
321
608
718
839
157
401
458
393
601
927
28
955
143
811
830
683
423
761
834
917
355
318
832
1029
1008
855
189
357
984
894
575
925
47
529
846
651
75
622
217
538
638
502
380
219
188
901
653
240
626
389
270
670
39
909
624
376
656
248
268
663
959
253
739
850
135
690
540
155
242
1042
315
883
394
103
132
377
410
419
798
1018
292
76
237
617
751
434
42
503
643
185
658
665
893
652
533
820
108
440
829
724
799
141
347
772
989
500
570
636
25
689
326
63
876
563
815
354
726
361
283
66
43
344
517
122
386
119
792
235
923
607
890
950
304
360
769
479
1005
214
995
791
1003
1015
290
356
130
161
594
459
46
767
453
477
595
525
816
505
493
514
765
620
277
104
748
1007
655
97
488
21
172
158
110
936
272
906
732
251
588
790
721
567
552
522
629
860
752
205
171
206
73
714
177
856
93
709
618
745
746
257
964
397
833
348
952
247
151
561
892
897
979
140
19
364
602
802
784
862
578
954
910
416
213
65
284
812
684
7
582
50
476
392
60
164
329
596
402
1017
1023
492
212
118
678
139
869
534
38
686
325
845
470
685
705
600
425
208
735
803
53
934
757
368
451
408
406
359
840
1016
899
795
80
190
649
916
682
228
163
708
698
222
764
362
1019
928
278
186
872
265
574
590
592
703
1039
633
149
951
807
924
333
433
467
375
809
961
904
805
112
740
1030
379
937
126
956
159
958
593
285
61
966
204
508
373
83
224
102
421
733
712
667
886
957
353
296
932
585
949
576
114
515
866
694
227
166
857
382
843
662
202
81
305
77
541
68
911
1035
580
441
121
478
676
452
940
136
249
12
623
965
279
835
713
342
867
1034
983
301
873
610
409
282
209
701
553
24
900
1043
905
280
707
483
648
1013
336
842
564
30
350
36
528
92
418
74
405
403
611
1025
465
337
107
598
749
1040
625
603
754
471
669
15
859
920
271
787
907
101
413
254
507
450
464
20
908
851
853
980
322
366
343
605
997
644
728
773
882
196
884
462
435
87
153
870
335
474
269
328
133
198
558
970
385
530
994
650
260
145
527
113
491
415
274
688
442
847
57
142
604
59
863
349
95
200
168
460
931
545
549
753
657
82
852
33
634
62
396
273
367
861
849
630
619
654
788
793
117
371
1010
302
758
181
481
510
339
819
637
58
722
120
239
32
635
645
1038
796
781
231
220
340
696
495
303
915
370
52
993
542
449
365
341
974
742
244
334
207
457
398
729
763
668
276
31
123
256
332
414
259
719
912
898
889
144
363
2
1001
566
17
941
211
926
106
871
704
320
180
426
750
774
613
35
100
275
229
621
695
581
879
1014
548
210
706
307
565
432
692
91
986
446
874
521
759
128
523
572
178
591
962
138
509
947
330
854
579
841
933
16
473
865
147
513
697
475
776
175
480
428
218
358
233
111
998
294
547
187
1000
646
990
711
573
129
78
641
504
554
223
116
825
891
999
241
71
391
577
531
938
584
988
