157
737
935
831
874
850
763
678
572
521
428
445
978
657
186
13
603
425
598
223
1005
395
907
712
420
385
308
817
858
317
729
563
828
547
240
779
897
707
1030
807
794
27
219
160
331
885
782
835
41
431
1026
1020
334
866
243
171
905
442
102
975
519
403
235
800
144
619
9
397
706
228
631
932
970
299
464
606
242
459
278
198
690
588
437
533
912
917
104
506
602
834
773
865
465
948
124
999
585
937
174
47
389
509
587
196
73
338
798
21
758
1025
573
313
205
427
797
74
704
852
832
552
584
165
234
824
532
1041
876
456
222
672
980
269
320
568
548
574
947
658
940
1016
81
473
275
522
70
670
605
523
864
42
315
455
140
415
1033
132
325
783
578
508
622
227
302
318
322
566
659
402
1009
306
487
968
668
910
564
891
952
143
498
247
103
298
380
204
63
837
739
294
328
323
624
770
149
1013
586
701
957
68
788
443
914
268
250
492
316
761
76
634
803
469
145
934
991
757
22
627
410
50
493
335
379
233
363
971
110
414
764
965
666
346
926
281
324
496
830
556
57
264
131
661
289
35
117
812
448
146
929
856
869
927
107
596
1034
411
651
371
857
350
859
849
514
32
419
412
462
693
894
833
252
560
680
872
288
75
802
531
341
447
255
167
1036
867
698
696
475
542
801
1011
565
839
259
429
899
211
193
312
528
1008
710
134
125
607
882
823
601
387
982
481
45
860
114
361
221
847
123
886
347
39
649
376
183
740
404
467
120
632
93
512
738
356
497
695
943
95
951
611
354
545
623
655
436
1000
212
776
1023
992
11
215
961
576
31
24
745
257
689
709
177
246
561
744
148
7
1043
449
662
249
998
98
430
184
454
416
290
815
641
90
251
374
277
245
309
629
1022
130
628
78
182
667
875
772
16
503
384
56
686
810
804
610
736
23
122
923
501
751
66
151
518
495
726
989
279
599
150
884
77
768
562
105
141
472
769
796
673
339
677
595
168
274
248
551
407
368
953
115
282
424
890
909
714
345
981
480
8
195
1
190
440
370
819
65
949
286
1042
557
922
118
52
604
843
550
100
713
656
422
765
504
137
466
340
154
226
754
36
711
162
900
55
976
14
759
349
200
452
569
911
967
127
348
166
687
474
546
400
945
898
296
617
292
620
1019
916
554
44
1003
974
355
889
749
352
930
71
756
896
541
451
488
525
187
732
511
880
297
373
109
861
750
450
133
954
38
1035
936
59
674
461
664
996
491
468
342
46
942
679
80
683
326
960
327
809
507
1037
821
1044
460
351
34
515
654
558
684
458
767
502
553
742
485
647
697
962
543
3
633
303
723
142
305
358
382
378
446
924
394
1038
580
995
1027
540
582
908
10
609
270
84
173
983
778
220
369
844
665
113
780
391
513
510
694
169
435
969
310
733
170
854
791
332
612
625
640
792
136
72
536
877
33
199
283
787
25
766
700
344
774
49
650
319
955
762
365
453
725
715
241
67
990
284
685
483
20
1004
1032
544
581
813
903
208
295
471
4
413
753
64
984
637
218
101
329
214
441
239
721
645
1014
108
938
793
258
112
263
486
829
648
570
848
54
96
62
681
180
638
191
337
902
785
724
646
644
266
86
818
538
613
752
845
106
571
842
256
417
652
615
69
499
179
304
1039
225
367
53
795
426
671
12
950
814
444
262
746
526
589
434
343
966
366
386
530
396
748
18
213
529
392
189
155
1002
333
703
719
91
755
276
159
285
224
600
261
139
986
904
567
484
862
321
482
741
163
682
390
517
58
2
555
30
126
138
439
273
129
6
293
642
406
516
60
265
691
26
786
537
216
408
28
822
423
775
15
893
185
164
608
119
433
920
853
238
887
476
152
781
372
229
128
883
784
401
94
19
946
855
399
232
933
43
705
37
360
409
1001
851
977
630
825
253
790
237
201
816
881
635
1028
121
841
925
653
838
868
643
89
418
846
892
156
88
489
597
230
906
722
827
931
985
993
535
135
1015
362
524
161
805
621
579
699
593
994
500
5
688
87
879
973
878
808
181
505
236
188
1007
720
549
85
1012
153
820
614
40
675
197
99
314
272
663
116
217
1024
716
963
718
987
591
888
873
944
956
463
594
771
111
728
669
287
377
941
192
959
478
244
1031
964
577
158
202
388
300
353
357
336
178
359
477
730
626
590
17
194
636
870
727
972
1021
97
921
840
1006
901
1010
789
1029
494
958
176
254
175
592
307
172
421
811
203
291
381
79
913
747
717
280
457
743
479
988
928
48
731
836
209
777
871
83
939
583
660
267
895
92
616
438
1040
534
470
539
147
405
915
799
432
863
997
393
559
206
527
806
734
383
271
708
676
919
1018
979
375
364
575
918
29
639
61
618
301
51
82
692
260
490
231
1017
760
735
330
210
398
520
702
207
311
826
