1	0	2	 0.999583	 0.499791
2	1	2	 0.999085	 0.499543
3	2	2	 1.000570	 0.500285
4	3	2	 0.999474	 0.499737
5	4	2	 1.001024	 0.500512
6	5	2	 0.999109	 0.499555
7	6	2	 0.999772	 0.499886
8	7	2	 0.999607	 0.499803
9	8	0	 0.000000	 0.000000
10	9	2	 1.000516	 0.500258
11	10	2	 1.000244	 0.500122
12	11	2	 0.999306	 0.499653
13	12	0	 0.000000	 0.000000
14	13	2	 1.000081	 0.500041
15	14	2	 0.999221	 0.499610
16	15	2	 0.999799	 0.499899
17	16	2	 1.001138	 0.500569
18	17	2	 0.999360	 0.499680
19	18	2	 0.999885	 0.499942
20	19	2	 0.999995	 0.499998
21	20	1	 0.500046	 0.500046
22	21	2	 0.999404	 0.499702
23	22	2	 0.999800	 0.499900
24	23	2	 0.999797	 0.499899
25	24	2	 0.999995	 0.499998
26	25	2	 0.999224	 0.499612
27	26	0	 0.000000	 0.000000
28	27	2	 0.999209	 0.499604
29	28	0	 0.000000	 0.000000
30	29	2	 0.999212	 0.499606
31	30	2	 0.999793	 0.499897
32	31	2	 0.999920	 0.499960
33	32	2	 0.999995	 0.499997
34	33	2	 1.000497	 0.500248
35	34	2	 0.999352	 0.499676
36	35	2	 1.000086	 0.500043
37	36	2	 0.999875	 0.499937
38	37	2	 1.000505	 0.500252
39	38	2	 1.000245	 0.500123
40	39	2	 1.000931	 0.500466
41	40	0	 0.000000	 0.000000
42	41	1	 0.500050	 0.500050
43	42	2	 0.999875	 0.499938
44	43	2	 1.000509	 0.500254
45	44	2	 1.000246	 0.500123
46	45	2	 1.000510	 0.500255
47	46	0	 0.000000	 0.000000
48	47	1	 0.500572	 0.500572
49	48	2	 0.999994	 0.499997
50	49	2	 0.999310	 0.499655
51	50	0	 0.000000	 0.000000
52	51	2	 1.000090	 0.500045
53	52	2	 0.999272	 0.499636
54	53	2	 0.999502	 0.499751
55	54	2	 1.000091	 0.500046
56	55	2	 0.999778	 0.499889
57	56	2	 0.999305	 0.499653
58	57	2	 0.999158	 0.499579
59	58	2	 1.000529	 0.500264
60	59	2	 0.999157	 0.499578
61	60	0	 0.000000	 0.000000
62	61	2	 0.999499	 0.499749
63	62	2	 0.999651	 0.499826
64	63	2	 0.999502	 0.499751
65	64	2	 0.999612	 0.499806
66	65	2	 0.999612	 0.499806
67	66	2	 0.999993	 0.499997
68	67	2	 0.999652	 0.499826
69	68	2	 0.999263	 0.499632
70	69	1	 0.500052	 0.500052
71	70	2	 1.000537	 0.500269
72	71	2	 0.999994	 0.499997
73	72	1	 0.500052	 0.500052
74	73	1	 0.500053	 0.500053
75	74	2	 0.999912	 0.499956
76	75	2	 0.999293	 0.499647
77	76	2	 0.999596	 0.499798
78	77	2	 0.999766	 0.499883
79	78	1	 0.500610	 0.500610
80	79	2	 1.000554	 0.500277
81	80	1	 0.500054	 0.500054
82	81	0	 0.000000	 0.000000
83	82	1	 0.500613	 0.500613
84	83	2	 1.000549	 0.500275
85	84	2	 1.001013	 0.500507
86	85	2	 0.999482	 0.499741
87	86	2	 1.001018	 0.500509
88	87	2	 1.001017	 0.500508
89	88	2	 0.999865	 0.499932
90	89	2	 0.999767	 0.499883
91	90	2	 0.999277	 0.499639
92	91	1	 0.500594	 0.500594
93	92	2	 1.000260	 0.500130
94	93	2	 0.999869	 0.499935
95	94	2	 1.000247	 0.500124
96	95	2	 0.999525	 0.499763
97	96	2	 1.001135	 0.500567
98	97	2	 0.999803	 0.499902
99	98	2	 1.000813	 0.500406
100	99	2	 1.000074	 0.500037
101	100	2	 0.999591	 0.499795
102	101	0	 0.000000	 0.000000
103	102	2	 0.999740	 0.499870
104	103	0	 0.000000	 0.000000
105	104	2	 0.999689	 0.499845
106	105	2	 0.999420	 0.499710
107	106	2	 0.999935	 0.499968
108	107	2	 0.999615	 0.499808
109	108	2	 1.000407	 0.500203
110	109	2	 0.999486	 0.499743
111	110	2	 1.000976	 0.500488
112	111	2	 0.999618	 0.499809
113	112	2	 0.999993	 0.499997
114	113	2	 1.000192	 0.500096
115	114	2	 0.999706	 0.499853
116	115	2	 1.000984	 0.500492
117	116	2	 0.999477	 0.499738
118	117	2	 1.000066	 0.500033
119	118	2	 0.999356	 0.499678
120	119	2	 1.000192	 0.500096
121	120	2	 0.999898	 0.499949
122	121	2	 0.999705	 0.499852
123	122	2	 1.000185	 0.500092
124	123	0	 0.000000	 0.000000
125	124	2	 1.000181	 0.500090
126	125	2	 0.999391	 0.499696
127	126	2	 1.000062	 0.500031
128	127	2	 0.999906	 0.499953
129	128	2	 0.999419	 0.499709
130	129	2	 0.999844	 0.499922
131	130	2	 0.999529	 0.499764
132	131	2	 0.999766	 0.499883
133	132	2	 1.000384	 0.500192
134	133	2	 0.999940	 0.499970
135	134	2	 1.000719	 0.500359
136	135	2	 0.999992	 0.499996
137	136	2	 1.000066	 0.500033
138	137	2	 0.999326	 0.499663
139	138	2	 0.999321	 0.499661
140	139	2	 0.999738	 0.499869
141	140	2	 0.999682	 0.499841
142	141	2	 1.000431	 0.500215
143	142	2	 0.999716	 0.499858
144	143	0	 0.000000	 0.000000
145	144	2	 0.999409	 0.499705
146	145	2	 0.999412	 0.499706
147	146	1	 0.500520	 0.500520
148	147	2	 0.999801	 0.499900
149	148	2	 0.999709	 0.499855
150	149	2	 0.999654	 0.499827
151	150	2	 0.999657	 0.499829
152	151	2	 0.999886	 0.499943
153	152	2	 1.000860	 0.500430
154	153	2	 1.000081	 0.500040
155	154	2	 0.999346	 0.499673
156	155	2	 1.000894	 0.500447
157	156	0	 0.000000	 0.000000
158	157	2	 1.001192	 0.500596
159	158	2	 0.999206	 0.499603
160	159	0	 0.000000	 0.000000
161	160	2	 1.000907	 0.500453
162	161	2	 1.000084	 0.500042
163	162	2	 0.999184	 0.499592
164	163	2	 0.999165	 0.499583
165	164	1	 0.500050	 0.500050
166	165	2	 1.000087	 0.500043
167	166	2	 0.999916	 0.499958
168	167	2	 0.999604	 0.499802
169	168	2	 0.999993	 0.499996
170	169	2	 0.999992	 0.499996
171	170	0	 0.000000	 0.000000
172	171	1	 0.500600	 0.500600
173	172	2	 1.000538	 0.500269
174	173	0	 0.000000	 0.000000
175	174	1	 0.500607	 0.500607
176	175	1	 0.500612	 0.500612
177	176	2	 0.999765	 0.499882
178	177	2	 1.001357	 0.500679
179	178	2	 0.999228	 0.499614
180	179	2	 0.999475	 0.499738
181	180	2	 1.000999	 0.500500
182	181	2	 0.999765	 0.499882
183	182	2	 1.000267	 0.500134
184	183	2	 0.999760	 0.499880
185	184	2	 0.999097	 0.499548
186	185	0	 0.000000	 0.000000
187	186	2	 1.000564	 0.500282
188	187	2	 1.001041	 0.500521
189	188	2	 0.999220	 0.499610
190	189	2	 0.999579	 0.499790
191	190	2	 0.999464	 0.499732
192	191	2	 1.001387	 0.500693
193	192	2	 0.999910	 0.499955
194	193	2	 1.001367	 0.500684
195	194	2	 0.999586	 0.499793
196	195	1	 0.500055	 0.500055
197	196	2	 1.001048	 0.500524
198	197	0	 0.000000	 0.000000
199	198	2	 0.999992	 0.499996
200	199	2	 1.000097	 0.500048
201	200	2	 0.999860	 0.499930
202	201	2	 1.001392	 0.500696
203	202	1	 0.500637	 0.500637
204	203	2	 0.999621	 0.499810
205	204	1	 0.500056	 0.500056
206	205	0	 0.000000	 0.000000
207	206	0	 0.000000	 0.000000
208	207	2	 0.999460	 0.499730
209	208	1	 0.500638	 0.500638
210	209	0	 0.000000	 0.000000
211	210	2	 0.999908	 0.499954
212	211	2	 1.000279	 0.500140
213	212	2	 0.999199	 0.499599
214	213	2	 0.999457	 0.499728
215	214	2	 1.000278	 0.500139
216	215	2	 0.999067	 0.499534
217	216	2	 1.001404	 0.500702
218	217	2	 0.999456	 0.499728
219	218	0	 0.000000	 0.000000
220	219	2	 1.000573	 0.500286
221	220	2	 1.000281	 0.500140
222	221	1	 0.500056	 0.500056
223	222	0	 0.000000	 0.000000
224	223	2	 0.999062	 0.499531
225	224	2	 0.999198	 0.499599
226	225	2	 1.000098	 0.500049
227	226	2	 0.999621	 0.499811
228	227	0	 0.000000	 0.000000
229	228	2	 0.999857	 0.499928
230	229	2	 1.001078	 0.500539
231	230	0	 0.000000	 0.000000
232	231	2	 0.999857	 0.499929
233	232	2	 0.999234	 0.499617
234	233	1	 0.500056	 0.500056
235	234	0	 0.000000	 0.000000
236	235	2	 1.001081	 0.500540
237	236	2	 0.999859	 0.499929
238	237	2	 0.999858	 0.499929
239	238	2	 0.999451	 0.499725
240	239	0	 0.000000	 0.000000
241	240	2	 0.999992	 0.499996
242	241	0	 0.000000	 0.000000
243	242	0	 0.000000	 0.000000
244	243	2	 1.001407	 0.500703
245	244	2	 0.999754	 0.499877
246	245	2	 0.999754	 0.499877
247	246	2	 0.999626	 0.499813
248	247	2	 0.999582	 0.499791
249	248	2	 0.999759	 0.499879
250	249	2	 0.999261	 0.499630
251	250	2	 0.999764	 0.499882
252	251	2	 0.999911	 0.499956
253	252	2	 0.999866	 0.499933
254	253	1	 0.500607	 0.500607
255	254	2	 0.999912	 0.499956
256	255	2	 0.999238	 0.499619
257	256	2	 0.999764	 0.499882
258	257	2	 0.999490	 0.499745
259	258	2	 0.999912	 0.499956
260	259	0	 0.000000	 0.000000
261	260	2	 0.999118	 0.499559
262	261	2	 0.999252	 0.499626
263	262	2	 0.999492	 0.499746
264	263	2	 0.999283	 0.499642
265	264	2	 0.999130	 0.499565
266	265	2	 0.999492	 0.499746
267	266	1	 0.500596	 0.500596
268	267	2	 0.999289	 0.499645
269	268	1	 0.500053	 0.500053
270	269	2	 1.000531	 0.500266
271	270	0	 0.000000	 0.000000
272	271	2	 1.000973	 0.500487
273	272	2	 0.999138	 0.499569
274	273	2	 0.999599	 0.499800
275	274	1	 0.500053	 0.500053
276	275	2	 0.999268	 0.499634
277	276	2	 0.999776	 0.499888
278	277	0	 0.000000	 0.000000
279	278	2	 0.999610	 0.499805
280	279	1	 0.500583	 0.500583
281	280	2	 0.999322	 0.499661
282	281	2	 0.999609	 0.499805
283	282	2	 0.999995	 0.499998
284	283	2	 0.999995	 0.499997
285	284	2	 0.999141	 0.499570
286	285	2	 1.000086	 0.500043
287	286	2	 1.001296	 0.500648
288	287	2	 0.999917	 0.499958
289	288	2	 0.999333	 0.499666
290	289	2	 0.999774	 0.499887
291	290	1	 0.500573	 0.500573
292	291	2	 1.000083	 0.500041
293	292	2	 0.999176	 0.499588
294	293	2	 0.999675	 0.499838
295	294	2	 0.999525	 0.499762
296	295	2	 1.000079	 0.500040
297	296	2	 1.000483	 0.500242
298	297	2	 0.999692	 0.499846
299	298	0	 0.000000	 0.000000
300	299	2	 1.001204	 0.500602
301	300	0	 0.000000	 0.000000
302	301	2	 0.999689	 0.499845
303	302	2	 1.000494	 0.500247
304	303	2	 0.999337	 0.499669
305	304	2	 1.000510	 0.500255
306	305	2	 0.999695	 0.499848
307	306	1	 0.500472	 0.500472
308	307	0	 0.000000	 0.000000
309	308	2	 0.999803	 0.499902
310	309	2	 0.999994	 0.499997
311	310	0	 0.000000	 0.000000
312	311	2	 0.999928	 0.499964
313	312	1	 0.500043	 0.500043
314	313	2	 1.000814	 0.500407
315	314	2	 0.999716	 0.499858
316	315	2	 0.999417	 0.499708
317	316	0	 0.000000	 0.000000
318	317	2	 0.999712	 0.499856
319	318	2	 0.999991	 0.499995
320	319	1	 0.500042	 0.500042
321	320	2	 0.999294	 0.499647
322	321	2	 0.999723	 0.499861
323	322	2	 0.999713	 0.499857
324	323	2	 0.999410	 0.499705
325	324	2	 0.999710	 0.499855
326	325	2	 1.000453	 0.500226
327	326	2	 1.000466	 0.500233
328	327	2	 0.999704	 0.499852
329	328	2	 0.999566	 0.499783
330	329	0	 0.000000	 0.000000
331	330	0	 0.000000	 0.000000
332	331	2	 0.999990	 0.499995
333	332	2	 0.999372	 0.499686
334	333	0	 0.000000	 0.000000
335	334	2	 0.999426	 0.499713
336	335	2	 1.001083	 0.500542
337	336	2	 0.999577	 0.499789
338	337	1	 0.500041	 0.500041
339	338	2	 0.999666	 0.499833
340	339	2	 1.000075	 0.500037
341	340	2	 0.999926	 0.499963
342	341	2	 1.000477	 0.500238
343	342	2	 0.999326	 0.499663
344	343	2	 0.999994	 0.499997
345	344	2	 0.999634	 0.499817
346	345	2	 0.999387	 0.499694
347	346	2	 1.000229	 0.500115
348	347	2	 1.000081	 0.500040
349	348	2	 1.000081	 0.500040
350	349	2	 0.999922	 0.499961
351	350	2	 1.000493	 0.500247
352	351	2	 1.000482	 0.500241
353	352	2	 1.001181	 0.500591
354	353	2	 1.000229	 0.500115
355	354	2	 1.000482	 0.500241
356	355	2	 1.000230	 0.500115
357	356	2	 1.001197	 0.500599
358	357	2	 1.000495	 0.500247
359	358	2	 1.001212	 0.500606
360	359	2	 0.999874	 0.499937
361	360	2	 1.000228	 0.500114
362	361	2	 1.000923	 0.500461
363	362	2	 0.999360	 0.499680
364	363	0	 0.000000	 0.000000
365	364	2	 0.999993	 0.499996
366	365	2	 0.999291	 0.499646
367	366	2	 0.999296	 0.499648
368	367	2	 0.999617	 0.499809
369	368	2	 1.000526	 0.500263
370	369	2	 0.999618	 0.499809
371	370	2	 0.999920	 0.499960
372	371	2	 0.999869	 0.499935
373	372	2	 1.000505	 0.500253
374	373	2	 0.999786	 0.499893
375	374	0	 0.000000	 0.000000
376	375	2	 1.000233	 0.500117
377	376	2	 1.001203	 0.500602
378	377	2	 1.000491	 0.500245
379	378	2	 0.999396	 0.499698
380	379	2	 0.999698	 0.499849
381	380	1	 0.500556	 0.500556
382	381	2	 1.000513	 0.500257
383	382	0	 0.000000	 0.000000
384	383	2	 0.999773	 0.499887
385	384	0	 0.000000	 0.000000
386	385	2	 0.999301	 0.499650
387	386	2	 1.000241	 0.500120
388	387	2	 1.001215	 0.500608
389	388	1	 0.500048	 0.500048
390	389	2	 0.999200	 0.499600
391	390	2	 0.999994	 0.499997
392	391	2	 0.999312	 0.499656
393	392	0	 0.000000	 0.000000
394	393	2	 1.000497	 0.500248
395	394	0	 0.000000	 0.000000
396	395	2	 0.999324	 0.499662
397	396	0	 0.000000	 0.000000
398	397	0	 0.000000	 0.000000
399	398	2	 0.999879	 0.499939
400	399	2	 1.000081	 0.500041
401	400	2	 0.999880	 0.499940
402	401	2	 0.999706	 0.499853
403	402	0	 0.000000	 0.000000
404	403	2	 1.000229	 0.500115
405	404	1	 0.500542	 0.500542
406	405	2	 0.999228	 0.499614
407	406	2	 0.999644	 0.499822
408	407	2	 0.999215	 0.499608
409	408	2	 0.999876	 0.499938
410	409	2	 0.999332	 0.499666
411	410	2	 0.999917	 0.499958
412	411	2	 0.999916	 0.499958
413	412	2	 0.999488	 0.499744
414	413	2	 0.999298	 0.499649
415	414	2	 0.999644	 0.499822
416	415	2	 0.999752	 0.499876
417	416	2	 0.999207	 0.499604
418	417	2	 0.999858	 0.499929
419	418	2	 0.999910	 0.499955
420	419	0	 0.000000	 0.000000
421	420	1	 0.500639	 0.500639
422	421	2	 1.000091	 0.500046
423	422	2	 0.999071	 0.499535
424	423	2	 0.999568	 0.499784
425	424	0	 0.000000	 0.000000
426	425	2	 0.999180	 0.499590
427	426	1	 0.500055	 0.500055
428	427	0	 0.000000	 0.000000
429	428	2	 0.999906	 0.499953
430	429	2	 0.999738	 0.499869
431	430	0	 0.000000	 0.000000
432	431	0	 0.000000	 0.000000
433	432	2	 0.999846	 0.499923
434	433	2	 0.999150	 0.499575
435	434	2	 0.999992	 0.499996
436	435	2	 1.000299	 0.500149
437	436	0	 0.000000	 0.000000
438	437	1	 0.500697	 0.500697
439	438	2	 0.998975	 0.499488
440	439	2	 0.999527	 0.499763
441	440	2	 0.999402	 0.499701
442	441	0	 0.000000	 0.000000
443	442	2	 0.999599	 0.499800
444	443	2	 0.999140	 0.499570
445	444	0	 0.000000	 0.000000
446	445	2	 1.000623	 0.500311
447	446	2	 0.999902	 0.499951
448	447	2	 0.999195	 0.499597
449	448	2	 0.999731	 0.499865
450	449	2	 1.000638	 0.500319
451	450	2	 1.000623	 0.500312
452	451	2	 1.000101	 0.500051
453	452	2	 0.999992	 0.499996
454	453	2	 0.999731	 0.499866
455	454	2	 0.999596	 0.499798
456	455	1	 0.500061	 0.500061
457	456	1	 0.500697	 0.500697
458	457	2	 1.000627	 0.500314
459	458	0	 0.000000	 0.000000
460	459	2	 1.000630	 0.500315
461	460	2	 1.000628	 0.500314
462	461	2	 0.999902	 0.499951
463	462	2	 1.001518	 0.500759
464	463	0	 0.000000	 0.000000
465	464	0	 0.000000	 0.000000
466	465	2	 1.000102	 0.500051
467	466	2	 1.000300	 0.500150
468	467	2	 1.000628	 0.500314
469	468	2	 0.999203	 0.499602
470	469	1	 0.500689	 0.500689
471	470	2	 0.999414	 0.499707
472	471	2	 0.999538	 0.499769
473	472	1	 0.500060	 0.500060
474	473	2	 1.000101	 0.500050
475	474	2	 0.999903	 0.499951
476	475	2	 0.999844	 0.499922
477	476	2	 1.001488	 0.500744
478	477	2	 1.001492	 0.500746
479	478	1	 0.500679	 0.500679
480	479	2	 0.999546	 0.499773
481	480	2	 1.000286	 0.500143
482	481	2	 0.999046	 0.499523
483	482	2	 0.999994	 0.499997
484	483	2	 0.999044	 0.499522
485	484	2	 1.000594	 0.500297
486	485	2	 0.999442	 0.499721
487	486	2	 0.999627	 0.499813
488	487	2	 1.000607	 0.500303
489	488	2	 1.001113	 0.500557
490	489	0	 0.000000	 0.000000
491	490	2	 1.000611	 0.500305
492	491	2	 0.999223	 0.499612
493	492	2	 0.999222	 0.499611
494	493	1	 0.500680	 0.500680
495	494	2	 0.999545	 0.499772
496	495	2	 0.999223	 0.499612
497	496	2	 1.000290	 0.500145
498	497	2	 0.999617	 0.499808
499	498	2	 0.999155	 0.499578
500	499	2	 1.001121	 0.500561
501	500	2	 0.999547	 0.499773
502	501	2	 1.000609	 0.500304
503	502	2	 0.999743	 0.499871
504	503	2	 1.000094	 0.500047
505	504	2	 1.001103	 0.500551
506	505	0	 0.000000	 0.000000
507	506	2	 1.000599	 0.500299
508	507	2	 0.999623	 0.499812
509	508	1	 0.500057	 0.500057
510	509	2	 0.999994	 0.499997
511	510	2	 1.000588	 0.500294
512	511	2	 1.000277	 0.500139
513	512	2	 0.999994	 0.499997
514	513	2	 0.999909	 0.499954
515	514	2	 1.000580	 0.500290
516	515	2	 0.999060	 0.499530
517	516	2	 0.999060	 0.499530
518	517	2	 0.999567	 0.499783
519	518	0	 0.000000	 0.000000
520	519	0	 0.000000	 0.000000
521	520	0	 0.000000	 0.000000
522	521	1	 0.500056	 0.500056
523	522	1	 0.500056	 0.500056
524	523	2	 1.001065	 0.500533
525	524	2	 1.000578	 0.500289
526	525	2	 0.999203	 0.499602
527	526	0	 0.000000	 0.000000
528	527	2	 0.999910	 0.499955
529	528	2	 0.999206	 0.499603
530	529	2	 0.999206	 0.499603
531	530	2	 0.999910	 0.499955
532	531	1	 0.500055	 0.500055
533	532	0	 0.000000	 0.000000
534	533	1	 0.500630	 0.500630
535	534	2	 1.001042	 0.500521
536	535	2	 0.999994	 0.499997
537	536	2	 0.999089	 0.499544
538	537	2	 0.999468	 0.499734
539	538	1	 0.500625	 0.500625
540	539	2	 1.000569	 0.500284
541	540	2	 1.000557	 0.500278
542	541	2	 0.999912	 0.499956
543	542	2	 1.000566	 0.500283
544	543	2	 0.999460	 0.499730
545	544	2	 1.000268	 0.500134
546	545	2	 1.000090	 0.500045
547	546	0	 0.000000	 0.000000
548	547	1	 0.500055	 0.500055
549	548	2	 1.001042	 0.500521
550	549	2	 1.000090	 0.500045
551	550	2	 0.999572	 0.499786
552	551	1	 0.500055	 0.500055
553	552	2	 1.000576	 0.500288
554	553	2	 1.000574	 0.500287
555	554	2	 0.999070	 0.499535
556	555	2	 0.999262	 0.499631
557	556	2	 1.000093	 0.500046
558	557	2	 1.000578	 0.500289
559	558	0	 0.000000	 0.000000
560	559	2	 0.999910	 0.499955
561	560	2	 0.999756	 0.499878
562	561	2	 0.999580	 0.499790
563	562	0	 0.000000	 0.000000
564	563	2	 0.999641	 0.499820
565	564	2	 0.999911	 0.499955
566	565	2	 0.999644	 0.499822
567	566	2	 0.999096	 0.499548
568	567	1	 0.500054	 0.500054
569	568	2	 1.000090	 0.500045
570	569	2	 0.999466	 0.499733
571	570	2	 0.999217	 0.499609
572	571	0	 0.000000	 0.000000
573	572	1	 0.500054	 0.500054
574	573	1	 0.500055	 0.500055
575	574	0	 0.000000	 0.000000
576	575	2	 1.000268	 0.500134
577	576	2	 1.001365	 0.500683
578	577	2	 0.999639	 0.499820
579	578	2	 1.001042	 0.500521
580	579	2	 1.000559	 0.500279
581	580	2	 0.999471	 0.499736
582	581	2	 1.000561	 0.500281
583	582	1	 0.500616	 0.500616
584	583	1	 0.500054	 0.500054
585	584	0	 0.000000	 0.000000
586	585	2	 0.999633	 0.499817
587	586	1	 0.500055	 0.500055
588	587	0	 0.000000	 0.000000
589	588	2	 0.999221	 0.499611
590	589	2	 1.001363	 0.500682
591	590	2	 1.001379	 0.500689
592	591	1	 0.500627	 0.500627
593	592	2	 1.001046	 0.500523
594	593	2	 1.001374	 0.500687
595	594	2	 0.999574	 0.499787
596	595	2	 0.999910	 0.499955
597	596	2	 1.001052	 0.500526
598	597	0	 0.000000	 0.000000
599	598	2	 0.999578	 0.499789
600	599	2	 0.999083	 0.499542
601	600	2	 1.000272	 0.500136
602	601	0	 0.000000	 0.000000
603	602	0	 0.000000	 0.000000
604	603	2	 1.000091	 0.500045
605	604	1	 0.500055	 0.500055
606	605	0	 0.000000	 0.000000
607	606	2	 1.000270	 0.500135
608	607	2	 0.999078	 0.499539
609	608	2	 1.000575	 0.500287
610	609	2	 0.999756	 0.499878
611	610	2	 1.000272	 0.500136
612	611	2	 0.999995	 0.499997
613	612	2	 0.999211	 0.499605
614	613	2	 1.001051	 0.500526
615	614	2	 0.999210	 0.499605
616	615	1	 0.500633	 0.500633
617	616	2	 1.000091	 0.500045
618	617	0	 0.000000	 0.000000
619	618	0	 0.000000	 0.000000
620	619	2	 1.000090	 0.500045
621	620	2	 1.001065	 0.500532
622	621	2	 0.999633	 0.499816
623	622	2	 1.000276	 0.500138
624	623	2	 0.999634	 0.499817
625	624	2	 0.999995	 0.499998
626	625	2	 1.001402	 0.500701
627	626	2	 0.999261	 0.499631
628	627	2	 0.999754	 0.499877
629	628	2	 0.999755	 0.499877
630	629	2	 0.999854	 0.499927
631	630	0	 0.000000	 0.000000
632	631	2	 1.000273	 0.500136
633	632	2	 1.000575	 0.500287
634	633	2	 0.999263	 0.499632
635	634	2	 0.999854	 0.499927
636	635	2	 1.001397	 0.500698
637	636	2	 0.999458	 0.499729
638	637	2	 0.999454	 0.499727
639	638	0	 0.000000	 0.000000
640	639	2	 0.999995	 0.499997
641	640	2	 0.999754	 0.499877
642	641	2	 0.999078	 0.499539
643	642	2	 0.999855	 0.499927
644	643	2	 0.999463	 0.499732
645	644	2	 0.999464	 0.499732
646	645	2	 0.999464	 0.499732
647	646	2	 1.000572	 0.500286
648	647	2	 0.999462	 0.499731
649	648	2	 1.000269	 0.500135
650	649	2	 0.999994	 0.499997
651	650	2	 0.999912	 0.499956
652	651	2	 0.999223	 0.499611
653	652	2	 0.999856	 0.499928
654	653	2	 1.000565	 0.500283
655	654	2	 1.000267	 0.500133
656	655	2	 1.000088	 0.500044
657	656	0	 0.000000	 0.000000
658	657	1	 0.500055	 0.500055
659	658	2	 0.999645	 0.499823
660	659	1	 0.500632	 0.500632
661	660	2	 0.999276	 0.499638
662	661	2	 0.999755	 0.499878
663	662	2	 1.001053	 0.500526
664	663	2	 1.000567	 0.500283
665	664	2	 1.000572	 0.500286
666	665	2	 0.999286	 0.499643
667	666	2	 0.999757	 0.499879
668	667	2	 0.999644	 0.499822
669	668	2	 1.001386	 0.500693
670	669	1	 0.500055	 0.500055
671	670	2	 0.999214	 0.499607
672	671	1	 0.500055	 0.500055
673	672	2	 0.999577	 0.499788
674	673	2	 1.000571	 0.500285
675	674	2	 1.001042	 0.500521
676	675	0	 0.000000	 0.000000
677	676	2	 0.999578	 0.499789
678	677	0	 0.000000	 0.000000
679	678	2	 1.000565	 0.500283
680	679	2	 0.999912	 0.499956
681	680	2	 0.999465	 0.499732
682	681	2	 0.999088	 0.499544
683	682	2	 1.000569	 0.500285
684	683	2	 1.000567	 0.500284
685	684	2	 0.999994	 0.499997
686	685	2	 0.999755	 0.499878
687	686	2	 1.000091	 0.500045
688	687	2	 1.001034	 0.500517
689	688	2	 0.999760	 0.499880
690	689	0	 0.000000	 0.000000
691	690	2	 0.999084	 0.499542
692	691	0	 0.000000	 0.000000
693	692	2	 0.999911	 0.499955
694	693	2	 0.999993	 0.499997
695	694	2	 1.000268	 0.500134
696	695	2	 0.999911	 0.499955
697	696	2	 1.000571	 0.500285
698	697	2	 0.999910	 0.499955
699	698	2	 1.001039	 0.500520
700	699	2	 0.999994	 0.499997
701	700	2	 0.999642	 0.499821
702	701	0	 0.000000	 0.000000
703	702	2	 0.999219	 0.499609
704	703	1	 0.500055	 0.500055
705	704	2	 0.999857	 0.499929
706	705	0	 0.000000	 0.000000
707	706	0	 0.000000	 0.000000
708	707	0	 0.000000	 0.000000
709	708	2	 0.999757	 0.499879
710	709	2	 0.999910	 0.499955
711	710	2	 1.000093	 0.500046
712	711	0	 0.000000	 0.000000
713	712	2	 1.000092	 0.500046
714	713	2	 0.999578	 0.499789
715	714	2	 0.999994	 0.499997
716	715	2	 1.001384	 0.500692
717	716	1	 0.500629	 0.500629
718	717	2	 1.001378	 0.500689
719	718	2	 0.999217	 0.499608
720	719	2	 1.001048	 0.500524
721	720	2	 0.999465	 0.499733
722	721	2	 1.001056	 0.500528
723	722	2	 1.000577	 0.500289
724	723	2	 0.999452	 0.499726
725	724	2	 0.999994	 0.499997
726	725	2	 0.999571	 0.499786
727	726	2	 1.001409	 0.500704
728	727	2	 1.001414	 0.500707
729	728	0	 0.000000	 0.000000
730	729	2	 1.001422	 0.500711
731	730	1	 0.500651	 0.500651
732	731	2	 1.000587	 0.500294
733	732	2	 0.999995	 0.499997
734	733	0	 0.000000	 0.000000
735	734	0	 0.000000	 0.000000
736	735	2	 0.999751	 0.499876
737	736	0	 0.000000	 0.000000
738	737	2	 1.000279	 0.500140
739	738	2	 0.999631	 0.499816
740	739	2	 1.000278	 0.500139
741	740	2	 0.999066	 0.499533
742	741	2	 1.000585	 0.500292
743	742	1	 0.500645	 0.500645
744	743	2	 0.999752	 0.499876
745	744	2	 0.999750	 0.499875
746	745	2	 0.999198	 0.499599
747	746	1	 0.500647	 0.500647
748	747	2	 0.999194	 0.499597
749	748	2	 1.000587	 0.500294
750	749	2	 1.000591	 0.500295
751	750	2	 0.999564	 0.499782
752	751	2	 0.999184	 0.499592
753	752	2	 0.999446	 0.499723
754	753	2	 1.000096	 0.500048
755	754	2	 0.999193	 0.499596
756	755	2	 1.000586	 0.500293
757	756	2	 0.999255	 0.499627
758	757	1	 0.500056	 0.500056
759	758	2	 1.000096	 0.500048
760	759	0	 0.000000	 0.000000
761	760	2	 0.999254	 0.499627
762	761	2	 0.999994	 0.499997
763	762	0	 0.000000	 0.000000
764	763	2	 0.999255	 0.499628
765	764	2	 1.000096	 0.500048
766	765	2	 0.999994	 0.499997
767	766	2	 1.000590	 0.500295
768	767	2	 0.999565	 0.499783
769	768	2	 0.999562	 0.499781
770	769	2	 0.999624	 0.499812
771	770	2	 1.001440	 0.500720
772	771	2	 0.999751	 0.499875
773	772	0	 0.000000	 0.000000
774	773	2	 0.999995	 0.499997
775	774	2	 0.999053	 0.499527
776	775	2	 1.000279	 0.500140
777	776	1	 0.500647	 0.500647
778	777	2	 1.000584	 0.500292
779	778	0	 0.000000	 0.000000
780	779	2	 0.999995	 0.499998
781	780	2	 0.999852	 0.499926
782	781	0	 0.000000	 0.000000
783	782	2	 0.999627	 0.499813
784	783	2	 0.999850	 0.499925
785	784	2	 0.999446	 0.499723
786	785	2	 0.999057	 0.499528
787	786	2	 0.999995	 0.499998
788	787	2	 0.999634	 0.499817
789	788	1	 0.500640	 0.500640
790	789	2	 0.999854	 0.499927
791	790	2	 0.999995	 0.499998
792	791	2	 0.999995	 0.499998
793	792	2	 0.999450	 0.499725
794	793	0	 0.000000	 0.000000
795	794	2	 0.999190	 0.499595
796	795	2	 0.999565	 0.499782
797	796	1	 0.500057	 0.500057
798	797	1	 0.500057	 0.500057
799	798	0	 0.000000	 0.000000
800	799	0	 0.000000	 0.000000
801	800	2	 0.999907	 0.499954
802	801	2	 0.999907	 0.499953
803	802	2	 0.999242	 0.499621
804	803	2	 0.999746	 0.499873
805	804	2	 1.001095	 0.500547
806	805	0	 0.000000	 0.000000
807	806	0	 0.000000	 0.000000
808	807	2	 1.001088	 0.500544
809	808	2	 1.000594	 0.500297
810	809	2	 0.999747	 0.499873
811	810	1	 0.500643	 0.500643
812	811	2	 0.999257	 0.499629
813	812	2	 0.999449	 0.499725
814	813	2	 0.999204	 0.499602
815	814	2	 0.999754	 0.499877
816	815	2	 0.999854	 0.499927
817	816	0	 0.000000	 0.000000
818	817	2	 0.999449	 0.499725
819	818	2	 0.999566	 0.499783
820	819	2	 1.001073	 0.500536
821	820	2	 1.000586	 0.500293
822	821	2	 0.999062	 0.499531
823	822	2	 1.000275	 0.500137
824	823	1	 0.500056	 0.500056
825	824	2	 0.999854	 0.499927
826	825	0	 0.000000	 0.000000
827	826	2	 1.001061	 0.500531
828	827	0	 0.000000	 0.000000
829	828	2	 0.999463	 0.499731
830	829	2	 0.999275	 0.499637
831	830	0	 0.000000	 0.000000
832	831	1	 0.500053	 0.500053
833	832	2	 0.999912	 0.499956
834	833	0	 0.000000	 0.000000
835	834	0	 0.000000	 0.000000
836	835	1	 0.500616	 0.500616
837	836	2	 0.999632	 0.499816
838	837	2	 0.999859	 0.499930
839	838	2	 0.999907	 0.499953
840	839	1	 0.500656	 0.500656
841	840	2	 0.999855	 0.499927
842	841	2	 0.999185	 0.499593
843	842	2	 1.000099	 0.500049
844	843	2	 1.000582	 0.500291
845	844	2	 0.999176	 0.499588
846	845	2	 0.999857	 0.499928
847	846	2	 1.000279	 0.500139
848	847	2	 0.999451	 0.499726
849	848	2	 0.999905	 0.499953
850	849	0	 0.000000	 0.000000
851	850	2	 0.999858	 0.499929
852	851	1	 0.500056	 0.500056
853	852	2	 0.999856	 0.499928
854	853	2	 0.999989	 0.499995
855	854	2	 0.999850	 0.499925
856	855	2	 0.999227	 0.499614
857	856	2	 0.999906	 0.499953
858	857	0	 0.000000	 0.000000
859	858	2	 0.999903	 0.499951
860	859	2	 1.000295	 0.500147
861	860	2	 1.000621	 0.500310
862	861	2	 0.998993	 0.499497
863	862	0	 0.000000	 0.000000
864	863	1	 0.500061	 0.500061
865	864	0	 0.000000	 0.000000
866	865	0	 0.000000	 0.000000
867	866	2	 0.999896	 0.499948
868	867	2	 0.999838	 0.499919
869	868	2	 0.999164	 0.499582
870	869	2	 1.001585	 0.500792
871	870	1	 0.500713	 0.500713
872	871	2	 0.999898	 0.499949
873	872	2	 1.001578	 0.500789
874	873	0	 0.000000	 0.000000
875	874	2	 0.999722	 0.499861
876	875	1	 0.500062	 0.500062
877	876	2	 0.999986	 0.499993
878	877	2	 1.001162	 0.500581
879	878	2	 1.001161	 0.500581
880	879	2	 1.000623	 0.500312
881	880	2	 0.999855	 0.499927
882	881	2	 1.000310	 0.500155
883	882	2	 0.999854	 0.499927
884	883	2	 0.999551	 0.499775
885	884	0	 0.000000	 0.000000
886	885	2	 1.000309	 0.500154
887	886	2	 0.999854	 0.499927
888	887	2	 1.001489	 0.500745
889	888	2	 1.000618	 0.500309
890	889	2	 0.999537	 0.499768
891	890	2	 0.999569	 0.499785
892	891	2	 0.999848	 0.499924
893	892	2	 0.998961	 0.499480
894	893	2	 0.999896	 0.499948
895	894	1	 0.500699	 0.500699
896	895	2	 1.000634	 0.500317
897	896	0	 0.000000	 0.000000
898	897	2	 1.000120	 0.500060
899	898	2	 0.999895	 0.499947
900	899	2	 1.000112	 0.500056
901	900	1	 0.500692	 0.500692
902	901	2	 0.999433	 0.499716
903	902	2	 0.999407	 0.499704
904	903	2	 0.998972	 0.499486
905	904	0	 0.000000	 0.000000
906	905	2	 1.001165	 0.500582
907	906	0	 0.000000	 0.000000
908	907	2	 1.000596	 0.500298
909	908	2	 0.999561	 0.499780
910	909	2	 0.999629	 0.499815
911	910	2	 1.000091	 0.500045
912	911	0	 0.000000	 0.000000
913	912	1	 0.500546	 0.500546
914	913	2	 0.999373	 0.499687
915	914	0	 0.000000	 0.000000
916	915	2	 1.000441	 0.500221
917	916	0	 0.000000	 0.000000
918	917	0	 0.000000	 0.000000
919	918	0	 0.000000	 0.000000
920	919	2	 0.999907	 0.499954
921	920	2	 1.000960	 0.500480
922	921	2	 1.000071	 0.500036
923	922	2	 0.999715	 0.499857
924	923	2	 1.000384	 0.500192
925	924	2	 0.999905	 0.499953
926	925	2	 0.999500	 0.499750
927	926	2	 0.999464	 0.499732
928	927	1	 0.500457	 0.500457
929	928	2	 0.999480	 0.499740
930	929	2	 1.000411	 0.500205
931	930	2	 1.000765	 0.500383
932	931	0	 0.000000	 0.000000
933	932	2	 0.999897	 0.499949
934	933	2	 0.999414	 0.499707
935	934	0	 0.000000	 0.000000
936	935	2	 1.000446	 0.500223
937	936	0	 0.000000	 0.000000
938	937	2	 0.999601	 0.499801
939	938	1	 0.500464	 0.500464
940	939	1	 0.500111	 0.500111
941	940	2	 1.002759	 0.501380
942	941	2	 1.001150	 0.500575
943	942	2	 1.000568	 0.500284
944	943	2	 1.002946	 0.501473
945	944	2	 1.000219	 0.500110
946	945	2	 0.999717	 0.499858
947	946	1	 0.500122	 0.500122
948	947	0	 0.000000	 0.000000
949	948	2	 1.000217	 0.500109
950	949	2	 0.998289	 0.499145
951	950	2	 1.000602	 0.500301
952	951	2	 0.999160	 0.499580
953	952	2	 0.999097	 0.499548
954	953	2	 1.001228	 0.500614
955	954	2	 0.999969	 0.499985
956	955	2	 1.002954	 0.501477
957	956	2	 0.999685	 0.499843
958	957	1	 0.501147	 0.501147
959	958	2	 1.002516	 0.501258
960	959	2	 1.001059	 0.500530
961	960	2	 1.000407	 0.500203
962	961	2	 1.001256	 0.500628
963	962	2	 1.002981	 0.501490
964	963	2	 1.003158	 0.501579
965	964	2	 0.998775	 0.499387
966	965	2	 0.998095	 0.499048
967	966	2	 1.000118	 0.500059
968	967	2	 0.999390	 0.499695
969	968	2	 1.000033	 0.500016
970	969	0	 0.000000	 0.000000
971	970	2	 0.998580	 0.499290
972	971	2	 1.003597	 0.501798
973	972	2	 1.002673	 0.501336
974	973	2	 1.001421	 0.500710
975	974	0	 0.000000	 0.000000
976	975	2	 1.000142	 0.500071
977	976	2	 0.999549	 0.499775
978	977	0	 0.000000	 0.000000
979	978	0	 0.000000	 0.000000
980	979	1	 0.500119	 0.500119
981	980	2	 0.998895	 0.499448
982	981	2	 1.000534	 0.500267
983	982	2	 1.001578	 0.500789
984	983	2	 0.998547	 0.499274
985	984	2	 1.002889	 0.501444
986	985	2	 0.997571	 0.498786
987	986	2	 1.003729	 0.501865
988	987	1	 0.501699	 0.501699
989	988	2	 0.998813	 0.499407
990	989	2	 1.000022	 0.500011
991	990	2	 0.998372	 0.499186
992	991	2	 1.000614	 0.500307
993	992	2	 1.002812	 0.501406
994	993	2	 1.002923	 0.501461
995	994	2	 1.001769	 0.500884
996	995	2	 1.001617	 0.500808
997	996	0	 0.000000	 0.000000
998	997	2	 0.999213	 0.499606
999	998	0	 0.000000	 0.000000
1000	999	2	 1.000679	 0.500339
1001	1000	2	 0.999493	 0.499747
1002	1001	2	 0.997641	 0.498821
1003	1002	2	 1.001672	 0.500836
1004	1003	2	 1.000025	 0.500013
1005	1004	0	 0.000000	 0.000000
1006	1005	1	 0.501811	 0.501811
1007	1006	2	 1.002995	 0.501497
1008	1007	2	 0.999773	 0.499887
1009	1008	2	 0.999169	 0.499585
1010	1009	1	 0.501804	 0.501804
1011	1010	2	 0.999774	 0.499887
1012	1011	2	 1.003106	 0.501553
1013	1012	2	 0.999153	 0.499576
1014	1013	2	 0.998364	 0.499182
1015	1014	2	 1.003080	 0.501540
1016	1015	1	 0.500156	 0.500156
1017	1016	0	 0.000000	 0.000000
1018	1017	0	 0.000000	 0.000000
1019	1018	2	 1.000138	 0.500069
1020	1019	0	 0.000000	 0.000000
1021	1020	2	 1.004124	 0.502062
1022	1021	2	 0.999206	 0.499603
1023	1022	2	 1.000694	 0.500347
1024	1023	2	 1.003990	 0.501995
1025	1024	1	 0.500158	 0.500158
1026	1025	0	 0.000000	 0.000000
1027	1026	2	 1.001812	 0.500906
1028	1027	2	 0.999505	 0.499752
1029	1028	1	 0.501833	 0.501833
1030	1029	0	 0.000000	 0.000000
1031	1030	2	 1.003996	 0.501998
1032	1031	2	 1.000023	 0.500012
1033	1032	2	 0.999192	 0.499596
1034	1033	2	 0.999765	 0.499882
1035	1034	2	 1.001698	 0.500849
1036	1035	2	 0.999771	 0.499886
1037	1036	2	 1.001784	 0.500892
1038	1037	2	 1.001777	 0.500889
1039	1038	2	 0.997659	 0.498830
1040	1039	1	 0.501819	 0.501819
1041	1040	1	 0.500154	 0.500154
1042	1041	2	 1.000139	 0.500070
1043	1042	2	 0.999209	 0.499605
1044	1043	2	 1.001819	 0.500909
