540
735
385
477
889
194
606
260
1017
212
868
10
390
930
40
301
668
729
781
923
169
935
612
557
84
604
782
502
965
639
693
507
251
430
550
534
1038
756
483
736
56
643
597
47
30
556
391
685
216
1041
476
250
104
644
368
324
775
584
759
39
742
455
570
767
345
44
265
1009
377
322
387
746
308
837
334
902
1003
71
472
112
730
1023
55
771
978
925
417
441
314
303
331
235
378
167
227
405
110
352
779
129
708
852
518
95
340
376
703
435
630
365
2
325
266
530
675
642
88
422
414
85
1031
599
262
73
1018
888
270
460
254
70
816
207
67
683
761
341
89
505
131
35
452
363
504
732
854
585
812
332
653
765
958
443
650
304
282
176
196
819
596
241
427
754
431
748
255
242
290
724
38
537
547
806
992
950
620
823
838
623
245
769
20
179
200
32
807
371
1021
252
873
1020
583
617
75
649
579
369
375
988
418
1008
664
940
72
52
853
783
495
738
4
580
236
939
918
424
125
105
447
36
970
804
456
192
291
244
880
142
916
882
699
588
523
780
1005
656
508
951
874
16
440
627
350
909
622
475
665
931
763
45
631
239
847
493
768
247
133
716
575
177
945
590
636
287
796
667
43
480
83
717
839
645
412
41
191
279
821
78
1010
966
329
879
898
660
955
578
1039
402
865
749
488
248
362
187
831
178
323
954
109
995
624
878
820
232
408
982
172
246
399
54
275
641
884
1043
468
360
48
214
211
676
722
21
897
120
184
421
603
258
171
234
863
1022
347
148
694
801
140
15
185
791
281
841
1026
471
98
943
734
486
389
126
956
908
679
892
808
261
437
273
605
869
429
899
132
63
146
93
979
657
1004
528
395
861
974
42
963
119
312
1024
499
481
25
619
533
688
714
700
983
470
815
80
1028
209
567
1006
53
928
134
633
457
554
205
1019
572
747
673
522
115
573
123
867
794
381
757
423
49
59
76
81
696
593
237
438
990
114
415
19
26
701
758
284
155
881
296
1040
253
439
822
959
1015
848
744
684
229
785
461
752
217
851
466
525
635
157
91
969
894
436
498
335
190
638
400
5
307
215
449
705
784
989
509
163
957
933
728
348
409
58
1
64
121
949
1013
545
156
835
90
170
692
351
569
86
478
201
723
383
712
397
629
268
249
609
581
384
513
454
482
587
361
932
66
519
485
396
349
658
37
691
845
269
188
947
419
543
576
23
117
33
515
799
678
755
559
793
674
770
450
510
566
264
60
976
492
842
160
465
298
825
934
564
51
986
946
97
8
626
981
186
1011
632
413
220
962
917
500
162
713
1001
61
299
124
366
272
836
552
828
300
787
1042
374
411
906
106
774
797
883
811
448
980
875
601
342
356
1029
921
149
336
219
223
872
516
927
790
857
697
961
173
563
1034
469
953
165
118
320
740
354
189
721
77
914
720
256
511
743
551
920
739
680
936
141
827
107
294
31
103
218
858
317
602
496
22
661
484
1000
18
538
503
904
425
463
358
309
453
367
9
197
529
862
240
527
731
136
373
855
905
671
406
357
937
850
501
382
147
202
137
517
788
686
489
497
753
506
491
175
536
689
964
766
634
900
829
379
792
210
127
764
614
666
870
338
991
687
919
607
984
702
810
833
353
637
316
595
977
278
521
1044
886
337
849
745
798
814
310
860
473
695
777
283
1036
994
370
514
1030
621
289
243
663
230
34
274
681
741
786
960
539
428
183
69
672
813
773
711
750
203
628
204
403
562
101
144
903
168
542
174
13
295
589
231
28
846
228
434
161
924
65
560
772
948
487
826
568
715
372
221
193
682
271
315
967
968
677
727
199
1012
1025
62
864
195
911
302
445
600
709
616
330
459
707
972
725
416
321
809
574
288
652
182
610
102
145
328
726
1032
938
532
558
751
1037
293
915
993
834
1016
407
866
130
1007
213
333
824
651
420
613
871
224
719
802
778
166
710
286
116
669
704
776
150
474
6
640
625
922
94
359
462
856
152
451
840
79
138
401
571
392
233
74
276
803
577
907
592
893
319
267
410
885
17
942
318
159
327
96
591
555
285
844
3
388
68
380
887
548
912
594
512
99
11
1014
944
1035
87
12
181
143
57
128
206
520
344
582
343
987
154
985
896
29
541
158
108
843
238
891
467
226
706
139
718
929
805
586
998
306
433
1027
393
789
14
535
832
490
952
901
648
926
760
690
404
198
618
464
82
153
24
313
553
910
100
1033
326
971
151
135
859
818
565
398
46
225
364
111
257
895
479
531
646
890
446
494
339
941
27
662
394
795
999
670
876
733
615
1002
7
92
208
292
877
305
997
180
263
113
973
996
280
526
800
524
654
975
222
164
544
346
608
817
297
598
913
655
458
50
762
386
432
549
737
647
442
277
546
659
561
259
698
444
122
311
611
830
426
355
