1	0	2	 0.999499	 0.499749
2	1	1	 0.500168	 0.500168
3	2	2	 0.999509	 0.499755
4	3	2	 1.000575	 0.500288
5	4	2	 0.999506	 0.499753
6	5	2	 0.999523	 0.499762
7	6	1	 0.500274	 0.500274
8	7	2	 0.999852	 0.499926
9	8	2	 0.999414	 0.499707
10	9	0	 0.000000	 0.000000
11	10	2	 1.000125	 0.500063
12	11	2	 1.000125	 0.500062
13	12	2	 1.000266	 0.500133
14	13	2	 1.000121	 0.500061
15	14	2	 1.000713	 0.500356
16	15	2	 1.000493	 0.500247
17	16	2	 0.999588	 0.499794
18	17	2	 0.999475	 0.499737
19	18	2	 0.999956	 0.499978
20	19	2	 1.000424	 0.500212
21	20	2	 1.000682	 0.500341
22	21	2	 0.999476	 0.499738
23	22	2	 0.999768	 0.499884
24	23	1	 0.500242	 0.500242
25	24	2	 1.000520	 0.500260
26	25	2	 0.999960	 0.499980
27	26	1	 0.500245	 0.500245
28	27	2	 1.000266	 0.500133
29	28	2	 1.000119	 0.500059
30	29	0	 0.000000	 0.000000
31	30	2	 0.999441	 0.499720
32	31	2	 1.000454	 0.500227
33	32	2	 0.999757	 0.499879
34	33	2	 1.000113	 0.500057
35	34	1	 0.500150	 0.500150
36	35	2	 1.000531	 0.500265
37	36	2	 0.999752	 0.499876
38	37	2	 1.000462	 0.500231
39	38	0	 0.000000	 0.000000
40	39	0	 0.000000	 0.000000
41	40	2	 1.000597	 0.500299
42	41	2	 1.000542	 0.500271
43	42	2	 1.000600	 0.500300
44	43	0	 0.000000	 0.000000
45	44	2	 1.000532	 0.500266
46	45	1	 0.500256	 0.500256
47	46	0	 0.000000	 0.000000
48	47	2	 1.000760	 0.500380
49	48	2	 0.999948	 0.499974
50	49	0	 0.000000	 0.000000
51	50	2	 0.999736	 0.499868
52	51	2	 1.000557	 0.500278
53	52	2	 1.000568	 0.500284
54	53	2	 1.000783	 0.500392
55	54	0	 0.000000	 0.000000
56	55	0	 0.000000	 0.000000
57	56	2	 1.000135	 0.500067
58	57	2	 0.999538	 0.499769
59	58	2	 0.999943	 0.499971
60	59	2	 0.999742	 0.499871
61	60	2	 0.999846	 0.499923
62	61	2	 1.000284	 0.500142
63	62	2	 1.000570	 0.500285
64	63	2	 0.999532	 0.499766
65	64	2	 1.000281	 0.500141
66	65	2	 0.999739	 0.499870
67	66	1	 0.500160	 0.500160
68	67	2	 0.999536	 0.499768
69	68	2	 1.000120	 0.500060
70	69	1	 0.500159	 0.500159
71	70	0	 0.000000	 0.000000
72	71	2	 1.000563	 0.500282
73	72	1	 0.500161	 0.500161
74	73	2	 0.999530	 0.499765
75	74	2	 1.000500	 0.500250
76	75	2	 0.999945	 0.499973
77	76	2	 0.999370	 0.499685
78	77	2	 1.000654	 0.500327
79	78	2	 0.999516	 0.499758
80	79	2	 1.000595	 0.500297
81	80	2	 0.999946	 0.499973
82	81	1	 0.500278	 0.500278
83	82	2	 1.000660	 0.500330
84	83	0	 0.000000	 0.000000
85	84	1	 0.500165	 0.500165
86	85	2	 0.999516	 0.499758
87	86	2	 1.000137	 0.500068
88	87	1	 0.500165	 0.500165
89	88	1	 0.500164	 0.500164
90	89	2	 0.999521	 0.499760
91	90	2	 0.999541	 0.499770
92	91	1	 0.500274	 0.500274
93	92	2	 1.000593	 0.500296
94	93	2	 0.999537	 0.499769
95	94	1	 0.500153	 0.500153
96	95	2	 0.999562	 0.499781
97	96	2	 0.999771	 0.499885
98	97	2	 1.000676	 0.500338
99	98	2	 0.999613	 0.499807
100	99	1	 0.500224	 0.500224
101	100	2	 1.000233	 0.500117
102	101	2	 0.999790	 0.499895
103	102	2	 0.999538	 0.499769
104	103	0	 0.000000	 0.000000
105	104	2	 1.000433	 0.500216
106	105	2	 0.999888	 0.499944
107	106	2	 0.999542	 0.499771
108	107	2	 1.000100	 0.500050
109	108	2	 1.000469	 0.500234
110	109	0	 0.000000	 0.000000
111	110	1	 0.500204	 0.500204
112	111	0	 0.000000	 0.000000
113	112	0	 0.000000	 0.000000
114	113	2	 0.999969	 0.499985
115	114	2	 0.999971	 0.499986
116	115	2	 0.999803	 0.499902
117	116	2	 0.999798	 0.499899
118	117	2	 0.999549	 0.499774
119	118	2	 1.000440	 0.500220
120	119	2	 1.000592	 0.500296
121	120	2	 0.999648	 0.499824
122	121	0	 0.000000	 0.000000
123	122	2	 0.999978	 0.499989
124	123	2	 0.999903	 0.499952
125	124	2	 1.000386	 0.500193
126	125	2	 1.000553	 0.500276
127	126	2	 0.999600	 0.499800
128	127	2	 1.000084	 0.500042
129	128	0	 0.000000	 0.000000
130	129	2	 0.999823	 0.499912
131	130	1	 0.500108	 0.500108
132	131	2	 1.000408	 0.500204
133	132	2	 1.000440	 0.500220
134	133	2	 1.000424	 0.500212
135	134	1	 0.500199	 0.500199
136	135	2	 0.999565	 0.499783
137	136	2	 0.999557	 0.499778
138	137	2	 0.999633	 0.499817
139	138	2	 1.000101	 0.500051
140	139	2	 1.000609	 0.500305
141	140	2	 0.999522	 0.499761
142	141	2	 1.000438	 0.500219
143	142	2	 1.000109	 0.500054
144	143	2	 1.000252	 0.500126
145	144	2	 0.999778	 0.499889
146	145	2	 1.000513	 0.500256
147	146	2	 0.999483	 0.499742
148	147	2	 1.000677	 0.500339
149	148	2	 0.999879	 0.499940
150	149	2	 0.999586	 0.499793
151	150	1	 0.500234	 0.500234
152	151	2	 0.999592	 0.499796
153	152	1	 0.500237	 0.500237
154	153	2	 1.000116	 0.500058
155	154	2	 0.999959	 0.499979
156	155	2	 0.999575	 0.499788
157	156	2	 0.999956	 0.499978
158	157	2	 1.000120	 0.500060
159	158	2	 0.999568	 0.499784
160	159	2	 0.999756	 0.499878
161	160	2	 1.000268	 0.500134
162	161	2	 0.999857	 0.499928
163	162	2	 0.999549	 0.499774
164	163	0	 0.000000	 0.000000
165	164	2	 0.999404	 0.499702
166	165	2	 0.999746	 0.499873
167	166	0	 0.000000	 0.000000
168	167	2	 1.000290	 0.500145
169	168	0	 0.000000	 0.000000
170	169	2	 0.999519	 0.499759
171	170	2	 1.000803	 0.500401
172	171	2	 1.000800	 0.500400
173	172	2	 0.999380	 0.499690
174	173	2	 1.000294	 0.500147
175	174	2	 0.999390	 0.499695
176	175	2	 1.000506	 0.500253
177	176	2	 1.000656	 0.500328
178	177	2	 1.000658	 0.500329
179	178	2	 1.000513	 0.500256
180	179	0	 0.000000	 0.000000
181	180	2	 1.000134	 0.500067
182	181	2	 0.999731	 0.499865
183	182	2	 1.000130	 0.500065
184	183	2	 1.000828	 0.500414
185	184	2	 1.000828	 0.500414
186	185	2	 0.999840	 0.499920
187	186	2	 1.000668	 0.500334
188	187	2	 0.999722	 0.499861
189	188	2	 0.999355	 0.499677
190	189	2	 0.999498	 0.499749
191	190	2	 1.000675	 0.500338
192	191	2	 1.000599	 0.500299
193	192	2	 1.000306	 0.500153
194	193	0	 0.000000	 0.000000
195	194	2	 1.000301	 0.500151
196	195	2	 1.000525	 0.500262
197	196	2	 0.999365	 0.499682
198	197	1	 0.500291	 0.500291
199	198	2	 1.000307	 0.500153
200	199	2	 1.000531	 0.500266
201	200	2	 0.999487	 0.499743
202	201	2	 0.999358	 0.499679
203	202	2	 1.000130	 0.500065
204	203	2	 1.000308	 0.500154
205	204	2	 1.000618	 0.500309
206	205	2	 1.000144	 0.500072
207	206	1	 0.500174	 0.500174
208	207	1	 0.500292	 0.500292
209	208	2	 1.000617	 0.500309
210	209	2	 0.999361	 0.499681
211	210	2	 1.000852	 0.500426
212	211	0	 0.000000	 0.000000
213	212	2	 0.999713	 0.499857
214	213	2	 1.000855	 0.500428
215	214	2	 0.999492	 0.499746
216	215	0	 0.000000	 0.000000
217	216	2	 0.999942	 0.499971
218	217	2	 0.999335	 0.499667
219	218	2	 0.999835	 0.499918
220	219	2	 0.999835	 0.499917
221	220	2	 1.000313	 0.500156
222	221	0	 0.000000	 0.000000
223	222	2	 0.999833	 0.499917
224	223	2	 0.999710	 0.499855
225	224	1	 0.500295	 0.500295
226	225	2	 1.000142	 0.500071
227	226	0	 0.000000	 0.000000
228	227	2	 1.000316	 0.500158
229	228	2	 0.999941	 0.499970
230	229	2	 1.000135	 0.500068
231	230	2	 1.000313	 0.500156
232	231	2	 1.000864	 0.500432
233	232	2	 0.999485	 0.499742
234	233	2	 1.000866	 0.500433
235	234	0	 0.000000	 0.000000
236	235	2	 1.000625	 0.500312
237	236	2	 0.999932	 0.499966
238	237	2	 1.000149	 0.500074
239	238	2	 1.000627	 0.500313
240	239	2	 0.999347	 0.499674
241	240	2	 1.000542	 0.500271
242	241	2	 1.000542	 0.500271
243	242	2	 1.000133	 0.500067
244	243	2	 1.000616	 0.500308
245	244	2	 1.000536	 0.500268
246	245	2	 1.000859	 0.500430
247	246	2	 1.000682	 0.500341
248	247	2	 1.000684	 0.500342
249	248	2	 0.999495	 0.499748
250	249	0	 0.000000	 0.000000
251	250	0	 0.000000	 0.000000
252	251	2	 1.000512	 0.500256
253	252	2	 0.999931	 0.499966
254	253	1	 0.500167	 0.500167
255	254	2	 1.000509	 0.500254
256	255	2	 0.999360	 0.499680
257	256	1	 0.500284	 0.500284
258	257	2	 1.000808	 0.500404
259	258	0	 0.000000	 0.000000
260	259	0	 0.000000	 0.000000
261	260	2	 1.000584	 0.500292
262	261	1	 0.500165	 0.500165
263	262	0	 0.000000	 0.000000
264	263	2	 0.999729	 0.499864
265	264	0	 0.000000	 0.000000
266	265	1	 0.500166	 0.500166
267	266	2	 0.999532	 0.499766
268	267	2	 0.999515	 0.499758
269	268	2	 0.999728	 0.499864
270	269	1	 0.500162	 0.500162
271	270	2	 1.000281	 0.500140
272	271	2	 0.999845	 0.499923
273	272	2	 1.000574	 0.500287
274	273	2	 1.000124	 0.500062
275	274	2	 1.000795	 0.500397
276	275	2	 0.999532	 0.499766
277	276	0	 0.000000	 0.000000
278	277	2	 1.000127	 0.500064
279	278	2	 1.000620	 0.500310
280	279	0	 0.000000	 0.000000
281	280	2	 1.000776	 0.500388
282	281	2	 1.000479	 0.500240
283	282	2	 1.000131	 0.500066
284	283	2	 0.999957	 0.499979
285	284	2	 0.999535	 0.499767
286	285	2	 0.999752	 0.499876
287	286	2	 1.000615	 0.500307
288	287	2	 0.999761	 0.499881
289	288	2	 1.000127	 0.500063
290	289	2	 1.000467	 0.500233
291	290	2	 1.000532	 0.500266
292	291	1	 0.500261	 0.500261
293	292	2	 0.999757	 0.499879
294	293	2	 0.999423	 0.499712
295	294	2	 1.000278	 0.500139
296	295	2	 0.999954	 0.499977
297	296	0	 0.000000	 0.000000
298	297	2	 0.999761	 0.499881
299	298	2	 0.999868	 0.499934
300	299	2	 0.999869	 0.499934
301	300	0	 0.000000	 0.000000
302	301	2	 1.000270	 0.500135
303	302	0	 0.000000	 0.000000
304	303	2	 1.000430	 0.500215
305	304	1	 0.500252	 0.500252
306	305	2	 1.000125	 0.500062
307	306	2	 0.999616	 0.499808
308	307	0	 0.000000	 0.000000
309	308	2	 0.999501	 0.499751
310	309	2	 1.000112	 0.500056
311	310	0	 0.000000	 0.000000
312	311	2	 1.000498	 0.500249
313	312	1	 0.500220	 0.500220
314	313	0	 0.000000	 0.000000
315	314	2	 1.000247	 0.500124
316	315	2	 1.000114	 0.500057
317	316	2	 0.999491	 0.499745
318	317	2	 0.999598	 0.499799
319	318	2	 0.999636	 0.499818
320	319	2	 0.999501	 0.499750
321	320	2	 0.999789	 0.499895
322	321	0	 0.000000	 0.000000
323	322	2	 1.000528	 0.500264
324	323	0	 0.000000	 0.000000
325	324	1	 0.500132	 0.500132
326	325	1	 0.500239	 0.500239
327	326	2	 0.999604	 0.499802
328	327	2	 0.999797	 0.499899
329	328	2	 1.000535	 0.500268
330	329	2	 0.999793	 0.499897
331	330	0	 0.000000	 0.000000
332	331	1	 0.500136	 0.500136
333	332	2	 0.999797	 0.499898
334	333	0	 0.000000	 0.000000
335	334	2	 0.999603	 0.499801
336	335	2	 0.999883	 0.499942
337	336	2	 1.000106	 0.500053
338	337	2	 0.999508	 0.499754
339	338	1	 0.500233	 0.500233
340	339	1	 0.500130	 0.500130
341	340	1	 0.500133	 0.500133
342	341	2	 0.999881	 0.499940
343	342	2	 1.000110	 0.500055
344	343	2	 1.000110	 0.500055
345	344	0	 0.000000	 0.000000
346	345	0	 0.000000	 0.000000
347	346	2	 1.000722	 0.500361
348	347	2	 0.999572	 0.499786
349	348	2	 0.999767	 0.499883
350	349	2	 1.000499	 0.500249
351	350	2	 0.999573	 0.499786
352	351	0	 0.000000	 0.000000
353	352	2	 1.000121	 0.500061
354	353	2	 0.999451	 0.499726
355	354	0	 0.000000	 0.000000
356	355	2	 0.999872	 0.499936
357	356	2	 0.999460	 0.499730
358	357	2	 0.999448	 0.499724
359	358	2	 0.999559	 0.499779
360	359	2	 1.000742	 0.500371
361	360	2	 0.999768	 0.499884
362	361	2	 1.000571	 0.500286
363	362	1	 0.500147	 0.500147
364	363	1	 0.500256	 0.500256
365	364	1	 0.500147	 0.500147
366	365	2	 0.999871	 0.499936
367	366	2	 0.999439	 0.499719
368	367	0	 0.000000	 0.000000
369	368	2	 1.000459	 0.500230
370	369	2	 1.000134	 0.500067
371	370	2	 1.000452	 0.500226
372	371	2	 1.000286	 0.500143
373	372	2	 0.999462	 0.499731
374	373	2	 0.999877	 0.499938
375	374	2	 1.000445	 0.500222
376	375	1	 0.500144	 0.500144
377	376	0	 0.000000	 0.000000
378	377	0	 0.000000	 0.000000
379	378	2	 0.999482	 0.499741
380	379	2	 0.999563	 0.499781
381	380	2	 0.999975	 0.499987
382	381	2	 0.999445	 0.499723
383	382	2	 0.999554	 0.499777
384	383	2	 0.999549	 0.499775
385	384	0	 0.000000	 0.000000
386	385	0	 0.000000	 0.000000
387	386	0	 0.000000	 0.000000
388	387	2	 0.999552	 0.499776
389	388	2	 1.000731	 0.500365
390	389	0	 0.000000	 0.000000
391	390	0	 0.000000	 0.000000
392	391	2	 0.999553	 0.499777
393	392	2	 1.000105	 0.500053
394	393	1	 0.500241	 0.500241
395	394	2	 1.000546	 0.500273
396	395	2	 0.999768	 0.499884
397	396	2	 0.999592	 0.499796
398	397	1	 0.500236	 0.500236
399	398	2	 1.000703	 0.500351
400	399	2	 0.999593	 0.499796
401	400	2	 0.999564	 0.499782
402	401	2	 1.000542	 0.500271
403	402	2	 1.000256	 0.500128
404	403	1	 0.500237	 0.500237
405	404	0	 0.000000	 0.000000
406	405	2	 0.999472	 0.499736
407	406	2	 0.999760	 0.499880
408	407	2	 1.000720	 0.500360
409	408	2	 0.999558	 0.499779
410	409	2	 0.999544	 0.499772
411	410	2	 0.999857	 0.499929
412	411	2	 1.000620	 0.500310
413	412	2	 0.999856	 0.499928
414	413	1	 0.500161	 0.500161
415	414	2	 0.999953	 0.499977
416	415	2	 0.999733	 0.499867
417	416	0	 0.000000	 0.000000
418	417	2	 1.000510	 0.500255
419	418	2	 0.999722	 0.499861
420	419	2	 0.999729	 0.499865
421	420	2	 1.000854	 0.500427
422	421	1	 0.500168	 0.500168
423	422	2	 0.999954	 0.499977
424	423	2	 1.000590	 0.500295
425	424	2	 0.999336	 0.499668
426	425	0	 0.000000	 0.000000
427	426	2	 1.000535	 0.500267
428	427	2	 1.000146	 0.500073
429	428	2	 1.000663	 0.500332
430	429	0	 0.000000	 0.000000
431	430	2	 1.000547	 0.500273
432	431	0	 0.000000	 0.000000
433	432	2	 1.000139	 0.500070
434	433	2	 1.000335	 0.500167
435	434	1	 0.500182	 0.500182
436	435	2	 0.999455	 0.499727
437	436	2	 1.000693	 0.500346
438	437	2	 0.999953	 0.499976
439	438	2	 0.999951	 0.499976
440	439	2	 1.000650	 0.500325
441	440	0	 0.000000	 0.000000
442	441	0	 0.000000	 0.000000
443	442	2	 1.000568	 0.500284
444	443	0	 0.000000	 0.000000
445	444	2	 1.000344	 0.500172
446	445	1	 0.500315	 0.500315
447	446	2	 1.000648	 0.500324
448	447	2	 0.999828	 0.499914
449	448	2	 0.999448	 0.499724
450	449	2	 0.999687	 0.499844
451	450	2	 0.999451	 0.499726
452	451	1	 0.500185	 0.500185
453	452	2	 0.999289	 0.499645
454	453	2	 0.999691	 0.499845
455	454	0	 0.000000	 0.000000
456	455	2	 1.000655	 0.500328
457	456	2	 1.000684	 0.500342
458	457	0	 0.000000	 0.000000
459	458	2	 0.999690	 0.499845
460	459	1	 0.500187	 0.500187
461	460	2	 0.999943	 0.499972
462	461	2	 0.999448	 0.499724
463	462	2	 0.999291	 0.499645
464	463	1	 0.500315	 0.500315
465	464	2	 0.999692	 0.499846
466	465	2	 0.999946	 0.499973
467	466	2	 1.000147	 0.500074
468	467	2	 1.000914	 0.500457
469	468	2	 0.999296	 0.499648
470	469	2	 1.000679	 0.500339
471	470	2	 1.000908	 0.500454
472	471	0	 0.000000	 0.000000
473	472	2	 1.000150	 0.500075
474	473	2	 0.999449	 0.499724
475	474	2	 1.000641	 0.500321
476	475	0	 0.000000	 0.000000
477	476	0	 0.000000	 0.000000
478	477	2	 0.999466	 0.499733
479	478	1	 0.500308	 0.500308
480	479	2	 1.000710	 0.500355
481	480	2	 1.000659	 0.500330
482	481	2	 0.999710	 0.499855
483	482	0	 0.000000	 0.000000
484	483	2	 0.999330	 0.499665
485	484	2	 0.999713	 0.499857
486	485	2	 1.000864	 0.500432
487	486	2	 1.000323	 0.500162
488	487	2	 1.000692	 0.500346
489	488	2	 0.999341	 0.499670
490	489	2	 1.000139	 0.500069
491	490	2	 0.999337	 0.499668
492	491	2	 0.999701	 0.499850
493	492	2	 1.000702	 0.500351
494	493	1	 0.500309	 0.500309
495	494	2	 1.000624	 0.500312
496	495	2	 0.999315	 0.499657
497	496	2	 0.999334	 0.499667
498	497	2	 0.999467	 0.499733
499	498	2	 1.000674	 0.500337
500	499	2	 0.999839	 0.499919
501	500	2	 0.999337	 0.499669
502	501	0	 0.000000	 0.000000
503	502	2	 0.999326	 0.499663
504	503	1	 0.500176	 0.500176
505	504	1	 0.500175	 0.500175
506	505	2	 0.999343	 0.499672
507	506	0	 0.000000	 0.000000
508	507	2	 1.000609	 0.500304
509	508	2	 0.999484	 0.499742
510	509	2	 0.999709	 0.499855
511	510	2	 0.999337	 0.499669
512	511	2	 0.999485	 0.499742
513	512	2	 0.999712	 0.499856
514	513	2	 1.000143	 0.500071
515	514	2	 0.999714	 0.499857
516	515	2	 0.999844	 0.499922
517	516	2	 0.999357	 0.499678
518	517	1	 0.500171	 0.500171
519	518	2	 0.999713	 0.499856
520	519	2	 1.000143	 0.500071
521	520	2	 1.000139	 0.500069
522	521	2	 0.999949	 0.499974
523	522	2	 1.000592	 0.500296
524	523	0	 0.000000	 0.000000
525	524	2	 0.999949	 0.499974
526	525	0	 0.000000	 0.000000
527	526	2	 0.999365	 0.499683
528	527	2	 1.000629	 0.500315
529	528	2	 0.999368	 0.499684
530	529	1	 0.500169	 0.500169
531	530	1	 0.500289	 0.500289
532	531	2	 0.999723	 0.499862
533	532	2	 1.000625	 0.500313
534	533	0	 0.000000	 0.000000
535	534	2	 1.000137	 0.500068
536	535	2	 0.999381	 0.499690
537	536	2	 1.000509	 0.500255
538	537	2	 0.999368	 0.499684
539	538	2	 1.000136	 0.500068
540	539	0	 0.000000	 0.000000
541	540	2	 1.000132	 0.500066
542	541	2	 1.000307	 0.500153
543	542	2	 0.999723	 0.499861
544	543	0	 0.000000	 0.000000
545	544	2	 0.999500	 0.499750
546	545	0	 0.000000	 0.000000
547	546	2	 1.000510	 0.500255
548	547	2	 0.999500	 0.499750
549	548	0	 0.000000	 0.000000
550	549	0	 0.000000	 0.000000
551	550	2	 0.999358	 0.499679
552	551	2	 0.999848	 0.499924
553	552	1	 0.500290	 0.500290
554	553	2	 1.000629	 0.500314
555	554	2	 0.999491	 0.499746
556	555	0	 0.000000	 0.000000
557	556	0	 0.000000	 0.000000
558	557	2	 0.999722	 0.499861
559	558	2	 0.999720	 0.499860
560	559	2	 1.000316	 0.500158
561	560	0	 0.000000	 0.000000
562	561	2	 1.000312	 0.500156
563	562	2	 0.999366	 0.499683
564	563	2	 0.999724	 0.499862
565	564	1	 0.500285	 0.500285
566	565	2	 0.999726	 0.499863
567	566	2	 1.000612	 0.500306
568	567	2	 1.000312	 0.500156
569	568	2	 0.999501	 0.499751
570	569	0	 0.000000	 0.000000
571	570	2	 0.999505	 0.499752
572	571	2	 0.999947	 0.499973
573	572	2	 0.999947	 0.499974
574	573	2	 0.999732	 0.499866
575	574	2	 1.000657	 0.500329
576	575	2	 0.999720	 0.499860
577	576	2	 0.999509	 0.499755
578	577	2	 1.000655	 0.500327
579	578	2	 1.000511	 0.500256
580	579	2	 1.000579	 0.500289
581	580	2	 0.999503	 0.499751
582	581	2	 1.000142	 0.500071
583	582	2	 1.000507	 0.500254
584	583	0	 0.000000	 0.000000
585	584	1	 0.500166	 0.500166
586	585	2	 1.000143	 0.500072
587	586	2	 0.999716	 0.499858
588	587	2	 1.000584	 0.500292
589	588	2	 1.000311	 0.500155
590	589	2	 1.000657	 0.500329
591	590	2	 0.999505	 0.499753
592	591	2	 0.999505	 0.499752
593	592	2	 0.999945	 0.499972
594	593	2	 0.999505	 0.499753
595	594	2	 1.000137	 0.500068
596	595	2	 1.000517	 0.500258
597	596	0	 0.000000	 0.000000
598	597	0	 0.000000	 0.000000
599	598	1	 0.500167	 0.500167
600	599	2	 1.000313	 0.500157
601	600	2	 0.999844	 0.499922
602	601	2	 0.999353	 0.499677
603	602	2	 1.000838	 0.500419
604	603	0	 0.000000	 0.000000
605	604	2	 1.000616	 0.500308
606	605	0	 0.000000	 0.000000
607	606	2	 0.999374	 0.499687
608	607	0	 0.000000	 0.000000
609	608	2	 0.999495	 0.499748
610	609	2	 0.999727	 0.499864
611	610	0	 0.000000	 0.000000
612	611	0	 0.000000	 0.000000
613	612	2	 0.999727	 0.499864
614	613	2	 0.999369	 0.499684
615	614	1	 0.500291	 0.500291
616	615	2	 1.000314	 0.500157
617	616	2	 1.000519	 0.500259
618	617	1	 0.500292	 0.500292
619	618	2	 1.000623	 0.500311
620	619	2	 1.000521	 0.500261
621	620	2	 1.000138	 0.500069
622	621	2	 1.000594	 0.500297
623	622	2	 1.000522	 0.500261
624	623	2	 1.000667	 0.500334
625	624	2	 0.999496	 0.499748
626	625	2	 0.999843	 0.499921
627	626	2	 1.000593	 0.500296
628	627	2	 1.000315	 0.500158
629	628	2	 0.999492	 0.499746
630	629	1	 0.500169	 0.500169
631	630	2	 1.000580	 0.500290
632	631	2	 0.999843	 0.499922
633	632	2	 1.000623	 0.500311
634	633	2	 0.999367	 0.499684
635	634	2	 0.999948	 0.499974
636	635	2	 1.000666	 0.500333
637	636	2	 1.000139	 0.500070
638	637	2	 0.999490	 0.499745
639	638	0	 0.000000	 0.000000
640	639	2	 0.999494	 0.499747
641	640	2	 1.000840	 0.500420
642	641	1	 0.500168	 0.500168
643	642	0	 0.000000	 0.000000
644	643	0	 0.000000	 0.000000
645	644	2	 1.000654	 0.500327
646	645	1	 0.500286	 0.500286
647	646	0	 0.000000	 0.000000
648	647	2	 1.000134	 0.500067
649	648	2	 1.000509	 0.500255
650	649	2	 1.000506	 0.500253
651	650	2	 0.999725	 0.499863
652	651	2	 0.999725	 0.499863
653	652	1	 0.500165	 0.500165
654	653	0	 0.000000	 0.000000
655	654	0	 0.000000	 0.000000
656	655	2	 1.000570	 0.500285
657	656	2	 1.000620	 0.500310
658	657	2	 0.999722	 0.499861
659	658	0	 0.000000	 0.000000
660	659	2	 1.000650	 0.500325
661	660	2	 0.999362	 0.499681
662	661	1	 0.500287	 0.500287
663	662	2	 1.000144	 0.500072
664	663	2	 1.000571	 0.500285
665	664	2	 1.000573	 0.500286
666	665	2	 0.999386	 0.499693
667	666	2	 1.000643	 0.500321
668	667	0	 0.000000	 0.000000
669	668	2	 0.999723	 0.499861
670	669	1	 0.500283	 0.500283
671	670	2	 0.999382	 0.499691
672	671	2	 1.000143	 0.500071
673	672	2	 0.999963	 0.499981
674	673	2	 0.999724	 0.499862
675	674	1	 0.500164	 0.500164
676	675	2	 1.000823	 0.500411
677	676	2	 1.000311	 0.500155
678	677	2	 0.999725	 0.499863
679	678	2	 1.000620	 0.500310
680	679	2	 0.999370	 0.499685
681	680	2	 1.000142	 0.500071
682	681	2	 1.000311	 0.500156
683	682	1	 0.500164	 0.500164
684	683	2	 0.999961	 0.499980
685	684	0	 0.000000	 0.000000
686	685	2	 0.999379	 0.499690
687	686	2	 0.999378	 0.499689
688	687	2	 1.000622	 0.500311
689	688	2	 0.999388	 0.499694
690	689	2	 1.000131	 0.500066
691	690	2	 0.999722	 0.499861
692	691	2	 0.999504	 0.499752
693	692	0	 0.000000	 0.000000
694	693	2	 1.000833	 0.500417
695	694	2	 1.000141	 0.500071
696	695	2	 0.999958	 0.499979
697	696	2	 0.999363	 0.499682
698	697	0	 0.000000	 0.000000
699	698	2	 1.000578	 0.500289
700	699	2	 1.000624	 0.500312
701	700	2	 0.999956	 0.499978
702	701	2	 1.000140	 0.500070
703	702	1	 0.500165	 0.500165
704	703	2	 0.999722	 0.499861
705	704	2	 0.999505	 0.499752
706	705	2	 1.000132	 0.500066
707	706	2	 0.999722	 0.499861
708	707	1	 0.500167	 0.500167
709	708	2	 1.000310	 0.500155
710	709	2	 0.999721	 0.499861
711	710	2	 1.000139	 0.500069
712	711	2	 0.999501	 0.499751
713	712	2	 0.999847	 0.499924
714	713	2	 1.000623	 0.500312
715	714	2	 1.000307	 0.500154
716	715	2	 1.000663	 0.500332
717	716	2	 1.000662	 0.500331
718	717	2	 1.000137	 0.500069
719	718	2	 0.999722	 0.499861
720	719	2	 0.999354	 0.499677
721	720	2	 0.999363	 0.499681
722	721	2	 1.000839	 0.500419
723	722	2	 0.999499	 0.499750
724	723	2	 1.000524	 0.500262
725	724	2	 0.999716	 0.499858
726	725	2	 0.999714	 0.499857
727	726	2	 1.000314	 0.500157
728	727	2	 0.999493	 0.499747
729	728	0	 0.000000	 0.000000
730	729	0	 0.000000	 0.000000
731	730	2	 0.999358	 0.499679
732	731	1	 0.500172	 0.500172
733	732	1	 0.500293	 0.500293
734	733	2	 1.000850	 0.500425
735	734	0	 0.000000	 0.000000
736	735	0	 0.000000	 0.000000
737	736	0	 0.000000	 0.000000
738	737	2	 1.000601	 0.500301
739	738	2	 0.999343	 0.499672
740	739	2	 0.999346	 0.499673
741	740	2	 1.000141	 0.500070
742	741	0	 0.000000	 0.000000
743	742	2	 0.999346	 0.499673
744	743	2	 0.999955	 0.499978
745	744	2	 1.000143	 0.500072
746	745	0	 0.000000	 0.000000
747	746	2	 0.999954	 0.499977
748	747	2	 1.000528	 0.500264
749	748	2	 1.000674	 0.500337
750	749	2	 1.000144	 0.500072
751	750	2	 0.999709	 0.499855
752	751	2	 0.999954	 0.499977
753	752	2	 0.999356	 0.499678
754	753	2	 1.000532	 0.500266
755	754	2	 0.999714	 0.499857
756	755	0	 0.000000	 0.000000
757	756	2	 0.999952	 0.499976
758	757	2	 0.999953	 0.499976
759	758	0	 0.000000	 0.000000
760	759	2	 1.000135	 0.500068
761	760	1	 0.500172	 0.500172
762	761	0	 0.000000	 0.000000
763	762	2	 1.000598	 0.500299
764	763	2	 0.999362	 0.499681
765	764	1	 0.500172	 0.500172
766	765	2	 0.999359	 0.499679
767	766	0	 0.000000	 0.000000
768	767	2	 1.000683	 0.500341
769	768	2	 1.000538	 0.500269
770	769	2	 0.999710	 0.499855
771	770	0	 0.000000	 0.000000
772	771	2	 1.000319	 0.500159
773	772	2	 1.000142	 0.500071
774	773	2	 0.999839	 0.499919
775	774	0	 0.000000	 0.000000
776	775	2	 0.999716	 0.499858
777	776	2	 1.000141	 0.500071
778	777	2	 0.999718	 0.499859
779	778	0	 0.000000	 0.000000
780	779	2	 1.000596	 0.500298
781	780	0	 0.000000	 0.000000
782	781	0	 0.000000	 0.000000
783	782	2	 1.000603	 0.500302
784	783	2	 0.999482	 0.499741
785	784	2	 0.999949	 0.499974
786	785	2	 1.000142	 0.500071
787	786	2	 0.999840	 0.499920
788	787	2	 0.999366	 0.499683
789	788	2	 1.000138	 0.500069
790	789	2	 0.999843	 0.499921
791	790	2	 1.000849	 0.500424
792	791	2	 0.999363	 0.499682
793	792	2	 0.999714	 0.499857
794	793	2	 0.999955	 0.499978
795	794	1	 0.500297	 0.500297
796	795	2	 1.000676	 0.500338
797	796	2	 0.999841	 0.499920
798	797	2	 1.000142	 0.500071
799	798	2	 0.999709	 0.499855
800	799	0	 0.000000	 0.000000
801	800	2	 1.000864	 0.500432
802	801	2	 0.999714	 0.499857
803	802	2	 0.999477	 0.499738
804	803	2	 1.000607	 0.500304
805	804	2	 1.000142	 0.500071
806	805	2	 1.000535	 0.500268
807	806	2	 1.000534	 0.500267
808	807	2	 1.000647	 0.500323
809	808	2	 0.999711	 0.499856
810	809	2	 1.000146	 0.500073
811	810	2	 0.999845	 0.499923
812	811	1	 0.500171	 0.500171
813	812	2	 1.000140	 0.500070
814	813	2	 1.000138	 0.500069
815	814	2	 1.000630	 0.500315
816	815	1	 0.500170	 0.500170
817	816	0	 0.000000	 0.000000
818	817	1	 0.500295	 0.500295
819	818	2	 1.000525	 0.500263
820	819	2	 1.000853	 0.500426
821	820	2	 1.000671	 0.500335
822	821	2	 0.999953	 0.499977
823	822	2	 1.000520	 0.500260
824	823	2	 0.999721	 0.499861
825	824	2	 0.999715	 0.499858
826	825	2	 1.000316	 0.500158
827	826	2	 0.999349	 0.499675
828	827	2	 0.999846	 0.499923
829	828	2	 0.999375	 0.499688
830	829	0	 0.000000	 0.000000
831	830	2	 1.000660	 0.500330
832	831	2	 1.000138	 0.500069
833	832	2	 1.000132	 0.500066
834	833	2	 0.999732	 0.499866
835	834	2	 0.999508	 0.499754
836	835	2	 0.999844	 0.499922
837	836	0	 0.000000	 0.000000
838	837	2	 1.000525	 0.500262
839	838	2	 1.000690	 0.500345
840	839	2	 0.999480	 0.499740
841	840	2	 1.000867	 0.500433
842	841	2	 0.999711	 0.499855
843	842	2	 1.000147	 0.500074
844	843	2	 0.999489	 0.499745
845	844	2	 0.999700	 0.499850
846	845	2	 1.000316	 0.500158
847	846	2	 1.000697	 0.500348
848	847	2	 0.999924	 0.499962
849	848	2	 1.000129	 0.500064
850	849	2	 0.999334	 0.499667
851	850	2	 0.999921	 0.499961
852	851	1	 0.500176	 0.500176
853	852	2	 1.000630	 0.500315
854	853	1	 0.500182	 0.500182
855	854	2	 0.999318	 0.499659
856	855	2	 0.999483	 0.499742
857	856	2	 0.999835	 0.499917
858	857	2	 0.999308	 0.499654
859	858	1	 0.500314	 0.500314
860	859	2	 1.000144	 0.500072
861	860	2	 1.000674	 0.500337
862	861	2	 0.999310	 0.499655
863	862	2	 1.000926	 0.500463
864	863	2	 1.000347	 0.500174
865	864	2	 1.000735	 0.500368
866	865	2	 0.999693	 0.499847
867	866	2	 0.999938	 0.499969
868	867	0	 0.000000	 0.000000
869	868	2	 1.000704	 0.500352
870	869	2	 0.999275	 0.499638
871	870	2	 0.999692	 0.499846
872	871	2	 0.999821	 0.499910
873	872	2	 1.000592	 0.500296
874	873	2	 1.000680	 0.500340
875	874	2	 0.999818	 0.499909
876	875	1	 0.500331	 0.500331
877	876	1	 0.500323	 0.500323
878	877	2	 1.000763	 0.500381
879	878	2	 1.000764	 0.500382
880	879	2	 1.000669	 0.500334
881	880	2	 0.999919	 0.499959
882	881	2	 1.000686	 0.500343
883	882	2	 0.999813	 0.499907
884	883	2	 1.000911	 0.500456
885	884	2	 0.999464	 0.499732
886	885	2	 1.000130	 0.500065
887	886	2	 0.999468	 0.499734
888	887	1	 0.500189	 0.500189
889	888	0	 0.000000	 0.000000
890	889	1	 0.500331	 0.500331
891	890	2	 1.000182	 0.500091
892	891	2	 1.000680	 0.500340
893	892	2	 0.999449	 0.499724
894	893	2	 0.999412	 0.499706
895	894	1	 0.500338	 0.500338
896	895	2	 1.000181	 0.500091
897	896	2	 1.000963	 0.500481
898	897	2	 1.000822	 0.500411
899	898	2	 1.000684	 0.500342
900	899	2	 0.999282	 0.499641
901	900	2	 1.000180	 0.500090
902	901	0	 0.000000	 0.000000
903	902	2	 1.000335	 0.500167
904	903	2	 0.999260	 0.499630
905	904	2	 0.999281	 0.499640
906	905	2	 0.999818	 0.499909
907	906	2	 0.999477	 0.499739
908	907	2	 1.000895	 0.500447
909	908	2	 1.000623	 0.500311
910	909	1	 0.500297	 0.500297
911	910	2	 1.000294	 0.500147
912	911	2	 0.999553	 0.499776
913	912	0	 0.000000	 0.000000
914	913	2	 0.999450	 0.499725
915	914	2	 0.999782	 0.499891
916	915	2	 1.000467	 0.500233
917	916	2	 0.999882	 0.499941
918	917	2	 1.000430	 0.500215
919	918	2	 0.999559	 0.499779
920	919	2	 0.999552	 0.499776
921	920	2	 0.999887	 0.499944
922	921	2	 0.999650	 0.499825
923	922	0	 0.000000	 0.000000
924	923	2	 1.000201	 0.500100
925	924	0	 0.000000	 0.000000
926	925	2	 1.000095	 0.500047
927	926	2	 0.999885	 0.499943
928	927	2	 1.000443	 0.500222
929	928	2	 1.000099	 0.500050
930	929	0	 0.000000	 0.000000
931	930	2	 1.000450	 0.500225
932	931	2	 0.999798	 0.499899
933	932	2	 0.999625	 0.499813
934	933	2	 0.999782	 0.499891
935	934	0	 0.000000	 0.000000
936	935	2	 0.999494	 0.499747
937	936	2	 0.999503	 0.499752
938	937	2	 0.999794	 0.499897
939	938	2	 1.000442	 0.500221
940	939	2	 1.001210	 0.500605
941	940	1	 0.500610	 0.500610
942	941	2	 0.999044	 0.499522
943	942	2	 1.001723	 0.500862
944	943	2	 1.000382	 0.500191
945	944	2	 1.001541	 0.500771
946	945	2	 0.999371	 0.499685
947	946	2	 0.999358	 0.499679
948	947	2	 1.000651	 0.500325
949	948	2	 0.998862	 0.499431
950	949	2	 1.001153	 0.500577
951	950	2	 1.001349	 0.500674
952	951	2	 1.000381	 0.500191
953	952	2	 0.998544	 0.499272
954	953	2	 1.001545	 0.500772
955	954	2	 1.001539	 0.500770
956	955	2	 1.001835	 0.500917
957	956	2	 0.999349	 0.499675
958	957	2	 1.000633	 0.500317
959	958	2	 1.000382	 0.500191
960	959	2	 1.000492	 0.500246
961	960	2	 0.999133	 0.499566
962	961	2	 0.999957	 0.499978
963	962	2	 1.001618	 0.500809
964	963	2	 0.998874	 0.499437
965	964	0	 0.000000	 0.000000
966	965	2	 1.000990	 0.500495
967	966	2	 1.000968	 0.500484
968	967	2	 1.000954	 0.500477
969	968	2	 0.998848	 0.499424
970	969	2	 1.001021	 0.500510
971	970	1	 0.500664	 0.500664
972	971	2	 0.999423	 0.499712
973	972	0	 0.000000	 0.000000
974	973	2	 1.001909	 0.500954
975	974	0	 0.000000	 0.000000
976	975	2	 0.999384	 0.499692
977	976	2	 1.000609	 0.500304
978	977	0	 0.000000	 0.000000
979	978	2	 1.001918	 0.500959
980	979	2	 0.999900	 0.499950
981	980	2	 0.999884	 0.499942
982	981	2	 1.001940	 0.500970
983	982	2	 1.001913	 0.500956
984	983	2	 1.000575	 0.500287
985	984	2	 1.000184	 0.500092
986	985	2	 0.999313	 0.499656
987	986	2	 1.000203	 0.500101
988	987	2	 1.001138	 0.500569
989	988	2	 0.998747	 0.499373
990	989	2	 1.000177	 0.500088
991	990	2	 0.998501	 0.499251
992	991	2	 1.001142	 0.500571
993	992	2	 0.999398	 0.499699
994	993	2	 1.000563	 0.500282
995	994	2	 1.001373	 0.500687
996	995	0	 0.000000	 0.000000
997	996	0	 0.000000	 0.000000
998	997	2	 1.000277	 0.500139
999	998	1	 0.500823	 0.500823
1000	999	2	 0.998372	 0.499186
1001	1000	2	 0.999780	 0.499890
1002	1001	1	 0.500823	 0.500823
1003	1002	0	 0.000000	 0.000000
1004	1003	2	 1.002094	 0.501047
1005	1004	2	 1.001267	 0.500633
1006	1005	2	 1.002087	 0.501043
1007	1006	2	 0.999377	 0.499689
1008	1007	2	 1.001229	 0.500615
1009	1008	0	 0.000000	 0.000000
1010	1009	2	 1.001398	 0.500699
1011	1010	2	 0.999762	 0.499881
1012	1011	2	 1.001097	 0.500548
1013	1012	2	 0.998537	 0.499268
1014	1013	2	 1.000269	 0.500134
1015	1014	2	 1.000126	 0.500063
1016	1015	2	 0.999362	 0.499681
1017	1016	0	 0.000000	 0.000000
1018	1017	1	 0.500383	 0.500383
1019	1018	2	 1.002165	 0.501082
1020	1019	2	 1.001275	 0.500638
1021	1020	2	 1.001257	 0.500629
1022	1021	2	 1.002315	 0.501157
1023	1022	0	 0.000000	 0.000000
1024	1023	2	 1.002053	 0.501026
1025	1024	2	 1.001110	 0.500555
1026	1025	2	 1.002340	 0.501170
1027	1026	2	 1.000291	 0.500145
1028	1027	2	 1.002024	 0.501012
1029	1028	2	 0.999770	 0.499885
1030	1029	2	 1.000588	 0.500294
1031	1030	1	 0.500387	 0.500387
1032	1031	2	 0.999359	 0.499680
1033	1032	1	 0.500797	 0.500797
1034	1033	2	 0.998336	 0.499168
1035	1034	2	 1.000278	 0.500139
1036	1035	2	 1.000591	 0.500296
1037	1036	2	 0.999366	 0.499683
1038	1037	0	 0.000000	 0.000000
1039	1038	2	 1.001438	 0.500719
1040	1039	2	 1.000110	 0.500055
1041	1040	0	 0.000000	 0.000000
1042	1041	2	 0.999768	 0.499884
1043	1042	2	 1.002307	 0.501154
1044	1043	2	 1.000587	 0.500294
