875
81
343
1035
554
1033
710
140
776
523
60
246
230
107
989
612
891
301
887
630
957
580
87
328
212
197
623
587
214
685
836
75
976
352
787
892
545
417
76
389
563
92
725
215
364
951
609
496
775
615
393
307
863
750
678
469
56
672
437
1011
286
791
946
391
667
669
137
177
25
996
82
922
527
841
64
299
148
288
3
35
53
11
633
668
642
401
534
517
901
414
62
752
620
824
736
772
292
531
248
451
796
573
885
557
456
477
724
974
825
341
608
720
977
183
77
834
571
604
829
58
326
143
345
2
781
955
104
565
773
753
549
279
693
233
209
253
743
501
251
656
457
578
84
1025
450
407
653
810
494
208
641
528
478
954
283
519
873
804
304
713
12
267
593
448
103
816
665
280
321
322
502
189
738
342
39
139
397
126
16
893
828
591
45
284
1043
717
538
204
9
395
386
441
581
79
635
416
109
879
930
636
582
794
511
699
766
1005
847
634
38
23
698
851
243
651
979
1026
524
610
151
365
767
427
965
938
727
1036
387
459
110
961
621
37
274
956
764
797
373
521
515
263
510
721
270
132
199
83
652
660
171
916
644
983
1024
184
297
526
129
424
430
26
375
491
530
255
852
216
516
374
539
882
532
734
674
913
1039
544
144
245
598
128
631
671
826
732
240
308
388
792
89
803
923
969
1027
323
379
982
187
312
742
174
590
822
647
211
366
758
1037
999
392
406
1034
902
123
446
729
542
993
67
426
907
231
861
929
324
855
309
54
102
987
981
138
418
942
584
964
221
914
272
1018
820
575
1007
933
899
746
905
330
843
714
992
812
833
798
782
121
622
716
952
747
258
867
55
513
628
59
868
606
5
801
512
603
552
939
337
740
488
991
601
751
715
48
88
529
701
845
911
438
844
611
234
723
225
78
159
897
676
268
709
443
785
36
408
17
1010
319
498
207
500
196
353
362
761
790
7
934
15
203
163
244
870
924
256
1022
543
937
770
613
1008
474
1014
329
896
377
980
180
932
198
559
884
514
700
1012
614
548
749
46
711
313
553
136
360
179
650
277
480
475
560
155
484
97
762
30
805
663
65
455
463
399
220
778
276
594
188
858
550
639
988
856
192
657
350
327
755
93
783
111
925
237
202
995
91
325
943
317
21
190
968
1019
754
250
120
780
997
950
696
737
271
361
73
461
442
1
236
984
332
260
278
434
131
72
396
249
864
730
303
52
648
1017
400
705
978
13
808
257
166
402
970
158
229
520
744
492
316
471
306
661
49
854
238
779
928
429
27
731
114
877
167
600
994
832
617
947
390
687
336
908
602
682
596
34
944
1006
800
793
504
161
703
466
29
739
599
683
880
900
384
486
850
421
837
895
178
1038
558
176
564
936
42
640
150
445
153
168
1013
431
497
654
232
170
96
160
569
568
632
536
358
567
50
570
670
349
1040
235
1021
967
262
706
499
290
175
784
806
849
963
300
595
298
616
1042
487
157
320
133
28
302
658
378
363
638
428
154
619
311
537
490
728
409
436
921
649
33
141
679
195
356
405
695
859
433
115
20
194
423
105
926
645
259
697
467
874
872
948
355
338
707
853
831
124
44
125
718
765
447
483
213
935
261
572
533
218
339
945
282
439
704
289
522
589
777
876
890
63
22
252
1004
556
371
227
677
506
953
228
130
66
839
903
68
385
898
489
99
147
769
741
381
1003
726
314
802
145
394
807
941
1001
113
1041
605
815
1002
493
918
415
269
771
917
643
454
745
134
817
191
813
370
74
14
702
101
840
508
206
691
24
420
625
535
90
1032
597
116
906
823
210
869
927
748
344
561
627
444
886
219
476
117
1023
821
574
293
285
479
586
305
295
795
382
857
165
95
86
624
142
403
503
367
990
666
618
689
835
368
799
883
509
440
108
915
940
788
8
607
135
919
470
460
357
347
722
694
266
481
686
185
331
335
452
579
413
380
106
966
555
464
592
247
340
411
789
848
127
1000
588
1020
577
482
688
998
585
369
10
566
376
318
819
1031
583
273
959
346
675
681
659
871
465
975
931
383
910
223
1028
152
680
334
222
690
57
239
842
827
4
275
432
1029
960
962
458
162
860
708
712
462
119
735
372
904
518
186
315
541
865
118
881
226
971
1009
146
866
47
6
733
85
61
333
949
846
193
310
40
149
811
80
122
71
242
31
673
664
435
786
98
182
692
626
419
296
453
70
472
878
18
894
468
551
774
684
294
646
43
241
985
265
759
172
404
51
291
655
473
201
507
909
888
986
629
809
217
181
100
525
540
398
287
281
889
410
1044
562
547
354
412
348
576
69
818
351
422
973
41
94
920
254
814
173
719
760
359
830
662
264
768
200
1015
205
546
169
19
763
156
862
485
425
972
495
32
112
912
1030
838
637
505
164
756
224
449
757
958
1016
