700
452
434
976
536
332
22
243
1012
109
310
275
378
559
446
200
298
240
301
160
945
905
217
337
833
863
351
291
631
549
445
296
416
476
727
159
849
189
894
752
129
87
67
69
678
305
242
853
64
732
421
644
128
246
953
730
10
387
11
210
9
233
178
685
292
47
269
938
993
284
46
236
778
363
34
796
418
830
855
547
555
241
505
916
182
126
926
380
114
199
1030
1008
740
854
1013
324
326
996
544
939
883
729
773
458
891
622
41
201
956
910
414
804
592
1036
432
865
895
657
101
82
194
987
117
892
498
619
44
745
367
502
202
672
360
736
16
515
487
196
281
394
554
586
614
694
712
1042
653
474
911
235
45
162
927
330
548
793
316
817
290
518
525
1028
132
1011
707
971
1015
4
724
550
127
497
224
950
557
637
746
565
1009
595
627
973
276
417
761
66
72
323
125
1031
289
563
686
123
885
60
205
832
140
385
54
226
988
875
704
654
517
122
245
869
919
212
293
244
223
611
206
519
767
558
179
670
154
5
667
453
959
495
625
321
339
415
28
344
823
437
208
965
304
153
171
190
623
26
492
509
335
529
638
463
633
168
589
688
966
952
166
402
443
783
800
314
561
569
134
831
40
603
893
958
343
423
435
328
1021
238
915
213
172
703
395
264
17
1005
239
964
439
176
999
14
504
909
826
642
941
1
1040
1003
389
265
661
139
748
599
725
798
820
784
90
1038
481
575
765
75
931
379
302
119
581
641
248
258
574
528
947
273
546
624
348
908
691
809
490
983
913
488
427
898
560
317
266
31
51
888
870
33
401
714
70
108
706
120
917
1039
693
485
828
594
403
215
334
71
1014
690
121
741
21
639
782
787
283
484
791
864
342
679
890
454
471
299
718
368
928
785
806
669
974
1029
382
270
468
580
110
859
74
20
1026
12
155
957
184
209
842
279
469
63
877
413
662
533
1022
288
850
606
837
903
369
113
400
473
698
251
227
933
133
93
697
513
278
587
77
336
307
408
524
95
426
949
191
422
617
80
951
99
61
373
496
692
750
272
325
447
359
841
38
1024
681
649
118
370
135
829
719
180
600
262
68
802
799
650
157
228
683
405
827
506
338
375
992
91
629
929
257
918
3
175
710
705
615
333
167
216
896
130
465
18
981
768
391
899
433
27
237
920
634
188
156
887
177
646
861
23
835
207
537
593
507
984
792
620
249
457
914
137
282
450
780
322
106
271
545
295
347
695
759
195
491
73
115
955
954
839
612
836
377
467
42
878
975
247
573
136
912
942
742
658
261
1027
456
723
55
419
425
308
797
967
591
790
571
811
982
930
868
618
534
152
357
143
848
655
846
838
788
935
57
821
25
144
851
923
879
56
847
250
1033
598
1006
880
1002
970
805
1018
717
843
568
664
1044
872
83
840
8
287
922
769
932
774
699
963
588
530
355
1001
219
744
579
874
562
540
677
19
146
461
396
789
512
475
6
111
781
392
556
1016
582
229
429
163
921
979
309
254
886
786
675
994
772
902
862
477
489
48
989
303
232
884
1025
230
819
801
386
501
165
845
131
1000
876
766
96
410
7
541
98
150
161
231
170
58
268
102
702
138
428
961
715
124
89
904
632
943
977
183
329
252
521
907
676
255
493
972
105
812
856
294
969
253
479
889
312
709
997
406
320
79
583
366
85
234
1017
651
779
825
448
331
267
731
682
645
807
354
499
186
985
671
318
516
211
542
300
858
500
420
112
1032
684
570
346
597
462
934
459
652
449
860
411
32
794
626
53
689
1023
286
100
442
327
158
728
478
383
857
754
444
711
76
29
81
1004
680
925
277
738
362
572
962
816
526
397
944
564
438
381
771
59
577
844
142
372
815
673
440
543
756
960
636
1037
149
185
601
514
97
527
260
508
775
630
404
968
726
1035
747
743
174
86
192
460
193
532
52
393
340
431
553
610
776
39
758
535
602
777
808
605
398
897
668
867
464
482
197
674
390
753
103
374
1020
356
145
141
345
936
824
371
701
466
181
749
147
567
647
319
364
173
1010
522
665
486
436
585
795
722
65
810
13
30
635
986
1041
1043
94
84
721
531
222
991
107
148
1034
88
538
608
62
480
221
906
315
764
409
297
341
566
361
412
455
616
757
762
218
751
510
263
628
256
306
937
407
365
770
311
552
470
901
763
430
882
660
576
483
35
15
274
995
203
578
946
353
980
720
50
24
198
151
259
666
990
871
881
551
399
924
388
822
169
708
36
814
511
1007
164
713
349
900
948
441
818
376
696
384
940
803
37
214
116
866
520
978
716
1019
494
424
834
43
225
659
472
734
852
590
813
358
873
352
607
49
648
92
737
451
78
687
204
2
596
220
643
613
735
350
739
998
313
539
733
280
584
604
640
523
755
503
609
621
104
656
760
663
187
285
