1	0	2	 1.000272	 0.500136
2	1	0	 0.000000	 0.000000
3	2	2	 0.999252	 0.499626
4	3	2	 1.000222	 0.500111
5	4	2	 1.000023	 0.500011
6	5	2	 1.000647	 0.500323
7	6	2	 1.000428	 0.500214
8	7	2	 1.000620	 0.500310
9	8	0	 0.000000	 0.000000
10	9	0	 0.000000	 0.000000
11	10	0	 0.000000	 0.000000
12	11	2	 0.999659	 0.499830
13	12	2	 0.999839	 0.499919
14	13	2	 1.000240	 0.500120
15	14	2	 1.000037	 0.500019
16	15	1	 0.500204	 0.500204
17	16	2	 1.000233	 0.500116
18	17	2	 0.999391	 0.499695
19	18	2	 1.000535	 0.500268
20	19	2	 0.999686	 0.499843
21	20	2	 0.999686	 0.499843
22	21	0	 0.000000	 0.000000
23	22	2	 0.999890	 0.499945
24	23	1	 0.500122	 0.500122
25	24	2	 1.000503	 0.500251
26	25	2	 1.000031	 0.500015
27	26	2	 0.999888	 0.499944
28	27	2	 1.000031	 0.500015
29	28	2	 0.999900	 0.499950
30	29	2	 0.999837	 0.499919
31	30	2	 1.000016	 0.500008
32	31	2	 0.999898	 0.499949
33	32	2	 1.000016	 0.500008
34	33	0	 0.000000	 0.000000
35	34	2	 1.000040	 0.500020
36	35	1	 0.500132	 0.500132
37	36	1	 0.500131	 0.500131
38	37	2	 0.999342	 0.499671
39	38	2	 0.999814	 0.499907
40	39	2	 1.000250	 0.500125
41	40	1	 0.500217	 0.500217
42	41	2	 0.999887	 0.499943
43	42	1	 0.500132	 0.500132
44	43	1	 0.500217	 0.500217
45	44	2	 1.000200	 0.500100
46	45	0	 0.000000	 0.000000
47	46	0	 0.000000	 0.000000
48	47	2	 1.000411	 0.500205
49	48	0	 0.000000	 0.000000
50	49	1	 0.500138	 0.500138
51	50	2	 1.000017	 0.500008
52	51	2	 0.999802	 0.499901
53	52	2	 0.999888	 0.499944
54	53	2	 1.000022	 0.500011
55	54	2	 1.000554	 0.500277
56	55	2	 1.000558	 0.500279
57	56	2	 1.000559	 0.500279
58	57	2	 1.000414	 0.500207
59	58	2	 0.999803	 0.499902
60	59	2	 1.000205	 0.500102
61	60	2	 0.999459	 0.499730
62	61	2	 1.000044	 0.500022
63	62	2	 0.999459	 0.499729
64	63	0	 0.000000	 0.000000
65	64	2	 0.999819	 0.499910
66	65	2	 1.000206	 0.500103
67	66	0	 0.000000	 0.000000
68	67	2	 0.999304	 0.499652
69	68	0	 0.000000	 0.000000
70	69	2	 1.000016	 0.500008
71	70	2	 0.999637	 0.499819
72	71	2	 1.000208	 0.500104
73	72	2	 0.999881	 0.499940
74	73	2	 0.999636	 0.499818
75	74	2	 1.000016	 0.500008
76	75	2	 0.999886	 0.499943
77	76	2	 0.999441	 0.499720
78	77	0	 0.000000	 0.000000
79	78	2	 1.000190	 0.500095
80	79	2	 0.999440	 0.499720
81	80	2	 0.999884	 0.499942
82	81	1	 0.500235	 0.500235
83	82	2	 1.000638	 0.500319
84	83	2	 0.999812	 0.499906
85	84	2	 1.000190	 0.500095
86	85	2	 0.999791	 0.499896
87	86	0	 0.000000	 0.000000
88	87	2	 1.000044	 0.500022
89	88	2	 1.000441	 0.500220
90	89	2	 1.000015	 0.500008
91	90	2	 0.999315	 0.499658
92	91	0	 0.000000	 0.000000
93	92	2	 0.999447	 0.499723
94	93	2	 0.999824	 0.499912
95	94	2	 0.999476	 0.499738
96	95	2	 1.000400	 0.500200
97	96	2	 0.999823	 0.499912
98	97	2	 1.000366	 0.500183
99	98	2	 0.999549	 0.499775
100	99	2	 0.999908	 0.499954
101	100	1	 0.500184	 0.500184
102	101	2	 1.000346	 0.500173
103	102	2	 0.999863	 0.499932
104	103	0	 0.000000	 0.000000
105	104	2	 1.000145	 0.500073
106	105	2	 0.999906	 0.499953
107	106	2	 1.000029	 0.500015
108	107	2	 1.000012	 0.500006
109	108	0	 0.000000	 0.000000
110	109	2	 0.999730	 0.499865
111	110	2	 1.000470	 0.500235
112	111	2	 0.999919	 0.499960
113	112	2	 0.999591	 0.499795
114	113	0	 0.000000	 0.000000
115	114	2	 0.999907	 0.499954
116	115	1	 0.500100	 0.500100
117	116	1	 0.500177	 0.500177
118	117	2	 0.999464	 0.499732
119	118	2	 1.000013	 0.500007
120	119	2	 0.999729	 0.499864
121	120	2	 0.999731	 0.499866
122	121	2	 1.000030	 0.500015
123	122	2	 1.000162	 0.500081
124	123	2	 1.000313	 0.500156
125	124	2	 1.000158	 0.500079
126	125	0	 0.000000	 0.000000
127	126	2	 1.000154	 0.500077
128	127	0	 0.000000	 0.000000
129	128	0	 0.000000	 0.000000
130	129	2	 0.999520	 0.499760
131	130	2	 1.000295	 0.500147
132	131	2	 1.000151	 0.500075
133	132	2	 0.999612	 0.499806
134	133	2	 1.000190	 0.500095
135	134	2	 0.999483	 0.499741
136	135	2	 1.000420	 0.500210
137	136	2	 0.999906	 0.499953
138	137	2	 1.000337	 0.500169
139	138	2	 1.000014	 0.500007
140	139	2	 1.000168	 0.500084
141	140	2	 0.999858	 0.499929
142	141	2	 0.999841	 0.499921
143	142	2	 1.000484	 0.500242
144	143	2	 1.000488	 0.500244
145	144	2	 0.999848	 0.499924
146	145	2	 1.000544	 0.500272
147	146	2	 0.999843	 0.499922
148	147	2	 1.000034	 0.500017
149	148	2	 0.999831	 0.499916
150	149	2	 1.000377	 0.500188
151	150	1	 0.500118	 0.500118
152	151	2	 1.000490	 0.500245
153	152	2	 1.000024	 0.500012
154	153	2	 1.000023	 0.500011
155	154	2	 0.999680	 0.499840
156	155	2	 0.999893	 0.499946
157	156	2	 0.999356	 0.499678
158	157	2	 0.999896	 0.499948
159	158	0	 0.000000	 0.000000
160	159	0	 0.000000	 0.000000
161	160	2	 1.000392	 0.500196
162	161	2	 1.000194	 0.500097
163	162	2	 1.000585	 0.500293
164	163	1	 0.500136	 0.500136
165	164	2	 1.000413	 0.500206
166	165	2	 1.000255	 0.500127
167	166	2	 0.999310	 0.499655
168	167	2	 1.000262	 0.500131
169	168	1	 0.500142	 0.500142
170	169	2	 1.000429	 0.500215
171	170	2	 1.000020	 0.500010
172	171	2	 1.000264	 0.500132
173	172	2	 0.999816	 0.499908
174	173	2	 0.999791	 0.499895
175	174	2	 0.999282	 0.499641
176	175	2	 1.000271	 0.500136
177	176	2	 0.999876	 0.499938
178	177	0	 0.000000	 0.000000
179	178	2	 1.000025	 0.500012
180	179	2	 0.999268	 0.499634
181	180	2	 0.999816	 0.499908
182	181	0	 0.000000	 0.000000
183	182	2	 1.000441	 0.500221
184	183	2	 0.999428	 0.499714
185	184	2	 0.999787	 0.499893
186	185	2	 1.000194	 0.500097
187	186	0	 0.000000	 0.000000
188	187	2	 0.999874	 0.499937
189	188	0	 0.000000	 0.000000
190	189	2	 1.000025	 0.500012
191	190	2	 0.999419	 0.499710
192	191	2	 0.999784	 0.499892
193	192	2	 0.999786	 0.499893
194	193	1	 0.500242	 0.500242
195	194	2	 0.999877	 0.499938
196	195	1	 0.500243	 0.500243
197	196	2	 0.999804	 0.499902
198	197	1	 0.500151	 0.500151
199	198	0	 0.000000	 0.000000
200	199	0	 0.000000	 0.000000
201	200	1	 0.500248	 0.500248
202	201	1	 0.500246	 0.500246
203	202	2	 1.000048	 0.500024
204	203	0	 0.000000	 0.000000
205	204	2	 1.000224	 0.500112
206	205	2	 1.000021	 0.500011
207	206	2	 0.999874	 0.499937
208	207	2	 1.000025	 0.500012
209	208	2	 0.999415	 0.499708
210	209	0	 0.000000	 0.000000
211	210	2	 1.000198	 0.500099
212	211	2	 1.000025	 0.500013
213	212	2	 1.000285	 0.500142
214	213	1	 0.500152	 0.500152
215	214	2	 0.999606	 0.499803
216	215	2	 0.999241	 0.499620
217	216	0	 0.000000	 0.000000
218	217	2	 1.000046	 0.500023
219	218	2	 1.000666	 0.500333
220	219	0	 0.000000	 0.000000
221	220	2	 1.000046	 0.500023
222	221	2	 0.999801	 0.499901
223	222	2	 1.000026	 0.500013
224	223	2	 1.000229	 0.500114
225	224	1	 0.500153	 0.500153
226	225	2	 1.000027	 0.500013
227	226	2	 0.999407	 0.499704
228	227	2	 0.999232	 0.499616
229	228	2	 1.000674	 0.500337
230	229	2	 1.000465	 0.500233
231	230	2	 1.000464	 0.500232
232	231	2	 1.000464	 0.500232
233	232	0	 0.000000	 0.000000
234	233	2	 1.000199	 0.500100
235	234	1	 0.500251	 0.500251
236	235	0	 0.000000	 0.000000
237	236	2	 0.999872	 0.499936
238	237	2	 1.000285	 0.500143
239	238	2	 1.000286	 0.500143
240	239	0	 0.000000	 0.000000
241	240	0	 0.000000	 0.000000
242	241	0	 0.000000	 0.000000
243	242	0	 0.000000	 0.000000
244	243	2	 1.000021	 0.500011
245	244	2	 1.000020	 0.500010
246	245	0	 0.000000	 0.000000
247	246	2	 0.999876	 0.499938
248	247	2	 1.000013	 0.500006
249	248	2	 0.999876	 0.499938
250	249	2	 1.000596	 0.500298
251	250	2	 0.999436	 0.499718
252	251	2	 1.000188	 0.500094
253	252	2	 1.000187	 0.500093
254	253	2	 1.000633	 0.500316
255	254	2	 1.000185	 0.500093
256	255	2	 1.000047	 0.500024
257	256	2	 0.999281	 0.499641
258	257	2	 1.000010	 0.500005
259	258	1	 0.500146	 0.500146
260	259	2	 0.999782	 0.499891
261	260	2	 1.000583	 0.500291
262	261	2	 0.999291	 0.499646
263	262	2	 1.000047	 0.500024
264	263	2	 1.000261	 0.500131
265	264	2	 1.000259	 0.500130
266	265	2	 1.000012	 0.500006
267	266	2	 1.000181	 0.500091
268	267	2	 1.000424	 0.500212
269	268	0	 0.000000	 0.000000
270	269	2	 0.999633	 0.499816
271	270	2	 0.999883	 0.499942
272	271	2	 0.999462	 0.499731
273	272	2	 1.000015	 0.500007
274	273	2	 1.000044	 0.500022
275	274	0	 0.000000	 0.000000
276	275	2	 1.000208	 0.500104
277	276	2	 0.999890	 0.499945
278	277	2	 0.999456	 0.499728
279	278	2	 0.999461	 0.499731
280	279	0	 0.000000	 0.000000
281	280	1	 0.500226	 0.500226
282	281	2	 0.999883	 0.499941
283	282	2	 0.999641	 0.499820
284	283	0	 0.000000	 0.000000
285	284	0	 0.000000	 0.000000
286	285	2	 0.999882	 0.499941
287	286	2	 1.000631	 0.500315
288	287	2	 0.999464	 0.499732
289	288	2	 1.000209	 0.500105
290	289	2	 1.000205	 0.500103
291	290	0	 0.000000	 0.000000
292	291	0	 0.000000	 0.000000
293	292	2	 1.000027	 0.500014
294	293	2	 1.000184	 0.500092
295	294	2	 0.999886	 0.499943
296	295	0	 0.000000	 0.000000
297	296	2	 1.000035	 0.500018
298	297	0	 0.000000	 0.000000
299	298	2	 0.999665	 0.499833
300	299	2	 1.000174	 0.500087
301	300	0	 0.000000	 0.000000
302	301	2	 1.000012	 0.500006
303	302	2	 1.000401	 0.500200
304	303	2	 1.000038	 0.500019
305	304	0	 0.000000	 0.000000
306	305	2	 1.000036	 0.500018
307	306	2	 0.999564	 0.499782
308	307	2	 1.000471	 0.500235
309	308	2	 1.000531	 0.500266
310	309	0	 0.000000	 0.000000
311	310	2	 1.000029	 0.500015
312	311	2	 1.000160	 0.500080
313	312	0	 0.000000	 0.000000
314	313	2	 1.000220	 0.500110
315	314	2	 1.000030	 0.500015
316	315	2	 1.000187	 0.500094
317	316	2	 1.000016	 0.500008
318	317	2	 1.000161	 0.500081
319	318	2	 0.999854	 0.499927
320	319	2	 1.000145	 0.500073
321	320	2	 1.000010	 0.500005
322	321	2	 0.999904	 0.499952
323	322	2	 1.000178	 0.500089
324	323	0	 0.000000	 0.000000
325	324	2	 0.999424	 0.499712
326	325	0	 0.000000	 0.000000
327	326	2	 0.999885	 0.499942
328	327	2	 1.000210	 0.500105
329	328	2	 1.000162	 0.500081
330	329	2	 1.000182	 0.500091
331	330	2	 1.000158	 0.500079
332	331	0	 0.000000	 0.000000
333	332	2	 0.999415	 0.499707
334	333	2	 0.999692	 0.499846
335	334	2	 1.000016	 0.500008
336	335	2	 0.999540	 0.499770
337	336	0	 0.000000	 0.000000
338	337	2	 0.999422	 0.499711
339	338	2	 1.000024	 0.500012
340	339	2	 0.999827	 0.499914
341	340	2	 1.000031	 0.500015
342	341	2	 0.999682	 0.499841
343	342	2	 1.000242	 0.500121
344	343	2	 1.000040	 0.500020
345	344	2	 0.999838	 0.499919
346	345	2	 0.999903	 0.499951
347	346	2	 0.999889	 0.499945
348	347	2	 1.000014	 0.500007
349	348	1	 0.500122	 0.500122
350	349	0	 0.000000	 0.000000
351	350	0	 0.000000	 0.000000
352	351	0	 0.000000	 0.000000
353	352	1	 0.500124	 0.500124
354	353	2	 1.000177	 0.500088
355	354	2	 1.000562	 0.500281
356	355	2	 0.999835	 0.499918
357	356	2	 1.000525	 0.500262
358	357	0	 0.000000	 0.000000
359	358	2	 0.999348	 0.499674
360	359	1	 0.500216	 0.500216
361	360	2	 1.000032	 0.500016
362	361	2	 0.999899	 0.499949
363	362	0	 0.000000	 0.000000
364	363	2	 0.999833	 0.499916
365	364	2	 1.000034	 0.500017
366	365	2	 1.000185	 0.500092
367	366	1	 0.500217	 0.500217
368	367	2	 0.999659	 0.499830
369	368	2	 0.999470	 0.499735
370	369	2	 0.999325	 0.499663
371	370	2	 0.999836	 0.499918
372	371	2	 0.999818	 0.499909
373	372	2	 0.999489	 0.499744
374	373	2	 0.999838	 0.499919
375	374	2	 0.999349	 0.499674
376	375	1	 0.500123	 0.500123
377	376	2	 0.999888	 0.499944
378	377	0	 0.000000	 0.000000
379	378	2	 1.000017	 0.500008
380	379	0	 0.000000	 0.000000
381	380	2	 0.999903	 0.499951
382	381	2	 0.999658	 0.499829
383	382	2	 0.999895	 0.499948
384	383	1	 0.500130	 0.500130
385	384	2	 1.000212	 0.500106
386	385	2	 1.000413	 0.500207
387	386	0	 0.000000	 0.000000
388	387	1	 0.500123	 0.500123
389	388	2	 1.000252	 0.500126
390	389	2	 0.999835	 0.499917
391	390	2	 0.999355	 0.499677
392	391	2	 1.000582	 0.500291
393	392	2	 0.999830	 0.499915
394	393	1	 0.500209	 0.500209
395	394	2	 1.000251	 0.500126
396	395	2	 1.000572	 0.500286
397	396	2	 0.999913	 0.499957
398	397	2	 0.999836	 0.499918
399	398	1	 0.500119	 0.500119
400	399	2	 0.999511	 0.499755
401	400	2	 1.000018	 0.500009
402	401	2	 1.000245	 0.500122
403	402	2	 0.999684	 0.499842
404	403	2	 0.999834	 0.499917
405	404	2	 0.999366	 0.499683
406	405	2	 1.000170	 0.500085
407	406	2	 1.000037	 0.500018
408	407	2	 0.999503	 0.499751
409	408	2	 1.000039	 0.500019
410	409	2	 1.000417	 0.500208
411	410	2	 0.999890	 0.499945
412	411	2	 1.000039	 0.500020
413	412	2	 0.999448	 0.499724
414	413	1	 0.500235	 0.500235
415	414	2	 1.000030	 0.500015
416	415	0	 0.000000	 0.000000
417	416	2	 1.000231	 0.500116
418	417	0	 0.000000	 0.000000
419	418	2	 1.000616	 0.500308
420	419	2	 1.000210	 0.500105
421	420	0	 0.000000	 0.000000
422	421	2	 0.999408	 0.499704
423	422	2	 1.000278	 0.500139
424	423	1	 0.500147	 0.500147
425	424	2	 1.000630	 0.500315
426	425	2	 0.999397	 0.499699
427	426	2	 1.000016	 0.500008
428	427	2	 1.000482	 0.500241
429	428	2	 1.000703	 0.500351
430	429	2	 1.000043	 0.500022
431	430	2	 0.999777	 0.499889
432	431	1	 0.500262	 0.500262
433	432	2	 0.999860	 0.499930
434	433	0	 0.000000	 0.000000
435	434	2	 1.000310	 0.500155
436	435	2	 0.999794	 0.499897
437	436	2	 1.000042	 0.500021
438	437	2	 0.999874	 0.499937
439	438	2	 1.000314	 0.500157
440	439	2	 0.999766	 0.499883
441	440	1	 0.500159	 0.500159
442	441	2	 0.999870	 0.499935
443	442	2	 1.000309	 0.500154
444	443	2	 0.999872	 0.499936
445	444	0	 0.000000	 0.000000
446	445	0	 0.000000	 0.000000
447	446	2	 0.999178	 0.499589
448	447	2	 1.000218	 0.500109
449	448	2	 0.999871	 0.499935
450	449	2	 0.999856	 0.499928
451	450	0	 0.000000	 0.000000
452	451	0	 0.000000	 0.000000
453	452	2	 1.000032	 0.500016
454	453	2	 0.999574	 0.499787
455	454	2	 1.000047	 0.500024
456	455	2	 1.000671	 0.500336
457	456	2	 0.999858	 0.499929
458	457	1	 0.500268	 0.500268
459	458	2	 0.999871	 0.499935
460	459	2	 0.999767	 0.499883
461	460	2	 1.000727	 0.500364
462	461	2	 0.999871	 0.499935
463	462	2	 1.000032	 0.500016
464	463	2	 0.999794	 0.499897
465	464	2	 0.999175	 0.499588
466	465	2	 0.999794	 0.499897
467	466	2	 0.999857	 0.499928
468	467	2	 0.999580	 0.499790
469	468	2	 0.999364	 0.499682
470	469	2	 1.000044	 0.500022
471	470	2	 0.999583	 0.499791
472	471	0	 0.000000	 0.000000
473	472	2	 0.999368	 0.499684
474	473	1	 0.500266	 0.500266
475	474	2	 1.000727	 0.500363
476	475	0	 0.000000	 0.000000
477	476	2	 1.000492	 0.500246
478	477	2	 0.999877	 0.499938
479	478	2	 1.000214	 0.500107
480	479	2	 1.000045	 0.500022
481	480	2	 1.000019	 0.500010
482	481	2	 0.999807	 0.499903
483	482	2	 1.000043	 0.500022
484	483	2	 0.999600	 0.499800
485	484	2	 0.999603	 0.499802
486	485	2	 0.999805	 0.499903
487	486	1	 0.500253	 0.500253
488	487	2	 1.000019	 0.500009
489	488	2	 1.000488	 0.500244
490	489	2	 1.000019	 0.500009
491	490	2	 0.999860	 0.499930
492	491	2	 1.000042	 0.500021
493	492	2	 1.000217	 0.500108
494	493	1	 0.500152	 0.500152
495	494	2	 1.000039	 0.500019
496	495	2	 0.999375	 0.499687
497	496	2	 1.000248	 0.500124
498	497	1	 0.500261	 0.500261
499	498	2	 1.000216	 0.500108
500	499	2	 1.000214	 0.500107
501	500	2	 1.000491	 0.500245
502	501	1	 0.500258	 0.500258
503	502	0	 0.000000	 0.000000
504	503	2	 1.000299	 0.500149
505	504	0	 0.000000	 0.000000
506	505	2	 0.999208	 0.499604
507	506	2	 0.999861	 0.499930
508	507	2	 0.999785	 0.499892
509	508	2	 1.000036	 0.500018
510	509	2	 1.000043	 0.500021
511	510	1	 0.500147	 0.500147
512	511	2	 1.000687	 0.500344
513	512	2	 0.999400	 0.499700
514	513	2	 0.999786	 0.499893
515	514	1	 0.500248	 0.500248
516	515	2	 1.000204	 0.500102
517	516	2	 1.000031	 0.500015
518	517	2	 1.000232	 0.500116
519	518	2	 1.000030	 0.500015
520	519	1	 0.500146	 0.500146
521	520	2	 1.000200	 0.500100
522	521	2	 0.999810	 0.499905
523	522	0	 0.000000	 0.000000
524	523	2	 0.999408	 0.499704
525	524	2	 1.000232	 0.500116
526	525	2	 0.999879	 0.499939
527	526	2	 0.999786	 0.499893
528	527	2	 1.000016	 0.500008
529	528	2	 1.000034	 0.500017
530	529	2	 1.000672	 0.500336
531	530	2	 0.999813	 0.499906
532	531	2	 0.999790	 0.499895
533	532	2	 0.999415	 0.499707
534	533	2	 1.000605	 0.500302
535	534	2	 0.999791	 0.499895
536	535	0	 0.000000	 0.000000
537	536	2	 0.999869	 0.499935
538	537	2	 1.000041	 0.500020
539	538	0	 0.000000	 0.000000
540	539	2	 1.000663	 0.500331
541	540	2	 1.000446	 0.500223
542	541	2	 1.000195	 0.500098
543	542	2	 0.999792	 0.499896
544	543	0	 0.000000	 0.000000
545	544	2	 0.999869	 0.499935
546	545	2	 1.000016	 0.500008
547	546	0	 0.000000	 0.000000
548	547	2	 1.000230	 0.500115
549	548	0	 0.000000	 0.000000
550	549	2	 1.000231	 0.500115
551	550	1	 0.500143	 0.500143
552	551	2	 1.000041	 0.500020
553	552	2	 0.999790	 0.499895
554	553	1	 0.500245	 0.500245
555	554	0	 0.000000	 0.000000
556	555	2	 1.000677	 0.500339
557	556	2	 1.000232	 0.500116
558	557	2	 1.000036	 0.500018
559	558	0	 0.000000	 0.000000
560	559	2	 1.000016	 0.500008
561	560	2	 1.000278	 0.500139
562	561	2	 1.000661	 0.500330
563	562	2	 1.000226	 0.500113
564	563	2	 0.999882	 0.499941
565	564	2	 1.000227	 0.500113
566	565	2	 1.000041	 0.500020
567	566	2	 0.999815	 0.499907
568	567	2	 1.000660	 0.500330
569	568	2	 1.000277	 0.500139
570	569	2	 0.999881	 0.499940
571	570	2	 1.000604	 0.500302
572	571	2	 0.999880	 0.499940
573	572	2	 1.000604	 0.500302
574	573	2	 1.000015	 0.500008
575	574	2	 1.000015	 0.500007
576	575	2	 1.000043	 0.500021
577	576	2	 0.999788	 0.499894
578	577	2	 1.000043	 0.500021
579	578	2	 1.000662	 0.500331
580	579	2	 0.999620	 0.499810
581	580	2	 1.000014	 0.500007
582	581	2	 1.000656	 0.500328
583	582	2	 1.000191	 0.500095
584	583	0	 0.000000	 0.000000
585	584	2	 0.999814	 0.499907
586	585	1	 0.500245	 0.500245
587	586	2	 0.999415	 0.499708
588	587	2	 1.000660	 0.500330
589	588	2	 1.000273	 0.500137
590	589	0	 0.000000	 0.000000
591	590	2	 1.000607	 0.500304
592	591	1	 0.500243	 0.500243
593	592	2	 0.999869	 0.499935
594	593	2	 0.999615	 0.499808
595	594	2	 1.000229	 0.500115
596	595	0	 0.000000	 0.000000
597	596	2	 0.999879	 0.499939
598	597	2	 1.000606	 0.500303
599	598	2	 1.000015	 0.500008
600	599	2	 0.999249	 0.499625
601	600	2	 0.999789	 0.499894
602	601	2	 0.999788	 0.499894
603	602	2	 1.000281	 0.500140
604	603	0	 0.000000	 0.000000
605	604	2	 0.999789	 0.499895
606	605	2	 0.999418	 0.499709
607	606	0	 0.000000	 0.000000
608	607	2	 1.000042	 0.500021
609	608	0	 0.000000	 0.000000
610	609	2	 0.999792	 0.499896
611	610	2	 1.000032	 0.500016
612	611	2	 0.999867	 0.499933
613	612	0	 0.000000	 0.000000
614	613	1	 0.500245	 0.500245
615	614	2	 0.999244	 0.499622
616	615	2	 1.000042	 0.500021
617	616	2	 0.999414	 0.499707
618	617	2	 1.000608	 0.500304
619	618	1	 0.500246	 0.500246
620	619	2	 0.999865	 0.499933
621	620	0	 0.000000	 0.000000
622	621	1	 0.500248	 0.500248
623	622	2	 1.000033	 0.500016
624	623	2	 1.000016	 0.500008
625	624	2	 1.000033	 0.500017
626	625	2	 0.999880	 0.499940
627	626	2	 1.000232	 0.500116
628	627	2	 1.000043	 0.500021
629	628	2	 0.999243	 0.499622
630	629	2	 0.999789	 0.499895
631	630	0	 0.000000	 0.000000
632	631	2	 1.000456	 0.500228
633	632	2	 1.000281	 0.500141
634	633	2	 0.999866	 0.499933
635	634	2	 0.999813	 0.499906
636	635	2	 0.999790	 0.499895
637	636	2	 1.000230	 0.500115
638	637	2	 1.000033	 0.500016
639	638	2	 0.999611	 0.499806
640	639	0	 0.000000	 0.000000
641	640	2	 1.000016	 0.500008
642	641	2	 1.000283	 0.500141
643	642	0	 0.000000	 0.000000
644	643	0	 0.000000	 0.000000
645	644	2	 1.000196	 0.500098
646	645	2	 0.999868	 0.499934
647	646	2	 0.999815	 0.499908
648	647	0	 0.000000	 0.000000
649	648	2	 0.999252	 0.499626
650	649	2	 0.999259	 0.499629
651	650	2	 1.000196	 0.500098
652	651	2	 0.999888	 0.499944
653	652	1	 0.500241	 0.500241
654	653	2	 1.000038	 0.500019
655	654	2	 1.000590	 0.500295
656	655	0	 0.000000	 0.000000
657	656	1	 0.500241	 0.500241
658	657	2	 1.000599	 0.500299
659	658	1	 0.500140	 0.500140
660	659	2	 1.000038	 0.500019
661	660	2	 1.000019	 0.500009
662	661	2	 0.999415	 0.499707
663	662	0	 0.000000	 0.000000
664	663	2	 1.000662	 0.500331
665	664	2	 0.999819	 0.499909
666	665	1	 0.500139	 0.500139
667	666	2	 1.000044	 0.500022
668	667	2	 0.999816	 0.499908
669	668	2	 0.999619	 0.499810
670	669	2	 1.000041	 0.500021
671	670	2	 1.000200	 0.500100
672	671	1	 0.500242	 0.500242
673	672	2	 0.999800	 0.499900
674	673	2	 0.999817	 0.499909
675	674	2	 1.000459	 0.500229
676	675	2	 1.000199	 0.500100
677	676	2	 1.000664	 0.500332
678	677	0	 0.000000	 0.000000
679	678	2	 0.999624	 0.499812
680	679	2	 0.999889	 0.499944
681	680	2	 0.999256	 0.499628
682	681	2	 1.000200	 0.500100
683	682	2	 0.999253	 0.499627
684	683	2	 0.999889	 0.499945
685	684	0	 0.000000	 0.000000
686	685	2	 1.000233	 0.500116
687	686	0	 0.000000	 0.000000
688	687	2	 1.000281	 0.500141
689	688	2	 0.999887	 0.499944
690	689	2	 0.999620	 0.499810
691	690	2	 1.000018	 0.500009
692	691	2	 0.999418	 0.499709
693	692	2	 0.999618	 0.499809
694	693	1	 0.500243	 0.500243
695	694	2	 0.999871	 0.499935
696	695	1	 0.500142	 0.500142
697	696	2	 0.999420	 0.499710
698	697	2	 0.999419	 0.499709
699	698	2	 1.000659	 0.500330
700	699	0	 0.000000	 0.000000
701	700	2	 0.999813	 0.499907
702	701	2	 1.000457	 0.500229
703	702	2	 1.000281	 0.500141
704	703	2	 1.000037	 0.500018
705	704	2	 0.999253	 0.499626
706	705	2	 0.999617	 0.499808
707	706	2	 1.000230	 0.500115
708	707	1	 0.500144	 0.500144
709	708	2	 1.000198	 0.500099
710	709	2	 0.999250	 0.499625
711	710	2	 0.999884	 0.499942
712	711	1	 0.500245	 0.500245
713	712	1	 0.500143	 0.500143
714	713	2	 1.000018	 0.500009
715	714	2	 1.000454	 0.500227
716	715	1	 0.500145	 0.500145
717	716	2	 1.000660	 0.500330
718	717	2	 0.999616	 0.499808
719	718	2	 0.999255	 0.499627
720	719	1	 0.500146	 0.500146
721	720	2	 0.999814	 0.499907
722	721	2	 0.999812	 0.499906
723	722	2	 1.000608	 0.500304
724	723	2	 1.000234	 0.500117
725	724	2	 1.000018	 0.500009
726	725	2	 0.999790	 0.499895
727	726	0	 0.000000	 0.000000
728	727	2	 0.999883	 0.499942
729	728	1	 0.500251	 0.500251
730	729	0	 0.000000	 0.000000
731	730	2	 1.000205	 0.500103
732	731	0	 0.000000	 0.000000
733	732	0	 0.000000	 0.000000
734	733	0	 0.000000	 0.000000
735	734	0	 0.000000	 0.000000
736	735	1	 0.500250	 0.500250
737	736	0	 0.000000	 0.000000
738	737	2	 0.999882	 0.499941
739	738	0	 0.000000	 0.000000
740	739	0	 0.000000	 0.000000
741	740	2	 0.999609	 0.499804
742	741	2	 1.000616	 0.500308
743	742	2	 0.999791	 0.499896
744	743	2	 1.000682	 0.500341
745	744	1	 0.500252	 0.500252
746	745	2	 1.000233	 0.500117
747	746	2	 0.999791	 0.499896
748	747	2	 1.000019	 0.500009
749	748	2	 0.999809	 0.499904
750	749	2	 0.999401	 0.499700
751	750	2	 1.000041	 0.500021
752	751	0	 0.000000	 0.000000
753	752	2	 0.999807	 0.499904
754	753	2	 0.999883	 0.499941
755	754	0	 0.000000	 0.000000
756	755	2	 0.999790	 0.499895
757	756	2	 1.000042	 0.500021
758	757	2	 0.999789	 0.499895
759	758	2	 0.999868	 0.499934
760	759	0	 0.000000	 0.000000
761	760	2	 1.000235	 0.500117
762	761	2	 1.000042	 0.500021
763	762	2	 1.000042	 0.500021
764	763	2	 1.000042	 0.500021
765	764	2	 1.000019	 0.500010
766	765	2	 1.000469	 0.500234
767	766	2	 1.000037	 0.500019
768	767	2	 0.999228	 0.499614
769	768	2	 1.000687	 0.500343
770	769	2	 1.000043	 0.500022
771	770	2	 0.999880	 0.499940
772	771	2	 1.000470	 0.500235
773	772	1	 0.500251	 0.500251
774	773	2	 1.000688	 0.500344
775	774	2	 0.999786	 0.499893
776	775	2	 0.999787	 0.499893
777	776	2	 0.999787	 0.499894
778	777	0	 0.000000	 0.000000
779	778	2	 1.000202	 0.500101
780	779	2	 0.999866	 0.499933
781	780	2	 1.000684	 0.500342
782	781	2	 0.999605	 0.499802
783	782	2	 1.000291	 0.500146
784	783	2	 1.000018	 0.500009
785	784	2	 0.999605	 0.499802
786	785	2	 1.000470	 0.500235
787	786	2	 0.999606	 0.499803
788	787	2	 1.000613	 0.500306
789	788	2	 1.000678	 0.500339
790	789	2	 1.000613	 0.500307
791	790	2	 0.999610	 0.499805
792	791	2	 0.999866	 0.499933
793	792	2	 1.000235	 0.500118
794	793	2	 0.999882	 0.499941
795	794	2	 0.999809	 0.499904
796	795	0	 0.000000	 0.000000
797	796	2	 1.000618	 0.500309
798	797	2	 1.000018	 0.500009
799	798	2	 0.999222	 0.499611
800	799	2	 1.000290	 0.500145
801	800	2	 1.000475	 0.500238
802	801	2	 0.999218	 0.499609
803	802	1	 0.500149	 0.500149
804	803	1	 0.500254	 0.500254
805	804	2	 1.000696	 0.500348
806	805	2	 0.999601	 0.499801
807	806	2	 1.000206	 0.500103
808	807	2	 0.999785	 0.499892
809	808	2	 1.000019	 0.500009
810	809	2	 0.999807	 0.499903
811	810	2	 1.000616	 0.500308
812	811	2	 1.000206	 0.500103
813	812	0	 0.000000	 0.000000
814	813	1	 0.500146	 0.500146
815	814	2	 0.999788	 0.499894
816	815	2	 0.999881	 0.499940
817	816	2	 1.000233	 0.500116
818	817	1	 0.500147	 0.500147
819	818	2	 1.000471	 0.500236
820	819	2	 1.000018	 0.500009
821	820	2	 1.000620	 0.500310
822	821	1	 0.500146	 0.500146
823	822	2	 1.000035	 0.500018
824	823	2	 0.999811	 0.499905
825	824	2	 1.000201	 0.500100
826	825	2	 1.000283	 0.500142
827	826	2	 0.999244	 0.499622
828	827	2	 0.999611	 0.499805
829	828	2	 0.999255	 0.499628
830	829	0	 0.000000	 0.000000
831	830	2	 1.000276	 0.500138
832	831	2	 1.000224	 0.500112
833	832	0	 0.000000	 0.000000
834	833	1	 0.500143	 0.500143
835	834	2	 0.999877	 0.499939
836	835	2	 0.999877	 0.499938
837	836	2	 0.999419	 0.499710
838	837	2	 1.000609	 0.500305
839	838	2	 0.999867	 0.499934
840	839	2	 1.000686	 0.500343
841	840	2	 0.999229	 0.499615
842	841	2	 0.999398	 0.499699
843	842	2	 1.000689	 0.500345
844	843	2	 0.999779	 0.499890
845	844	2	 1.000471	 0.500235
846	845	2	 1.000624	 0.500312
847	846	2	 1.000610	 0.500305
848	847	2	 1.000621	 0.500310
849	848	0	 0.000000	 0.000000
850	849	2	 0.999400	 0.499700
851	850	2	 1.000625	 0.500313
852	851	0	 0.000000	 0.000000
853	852	0	 0.000000	 0.000000
854	853	0	 0.000000	 0.000000
855	854	0	 0.000000	 0.000000
856	855	2	 1.000203	 0.500101
857	856	2	 0.999874	 0.499937
858	857	2	 1.000210	 0.500105
859	858	2	 0.999581	 0.499791
860	859	2	 0.999867	 0.499933
861	860	2	 0.999864	 0.499932
862	861	2	 1.000502	 0.500251
863	862	0	 0.000000	 0.000000
864	863	2	 0.999570	 0.499785
865	864	1	 0.500269	 0.500269
866	865	1	 0.500165	 0.500165
867	866	2	 0.999777	 0.499889
868	867	2	 1.000703	 0.500351
869	868	2	 1.000025	 0.500012
870	869	2	 1.000015	 0.500008
871	870	1	 0.500168	 0.500168
872	871	2	 1.000753	 0.500376
873	872	0	 0.000000	 0.000000
874	873	2	 1.000744	 0.500372
875	874	2	 1.000021	 0.500011
876	875	2	 1.000511	 0.500255
877	876	2	 0.999362	 0.499681
878	877	2	 0.999862	 0.499931
879	878	2	 1.000665	 0.500333
880	879	2	 1.000656	 0.500328
881	880	1	 0.500170	 0.500170
882	881	2	 1.000056	 0.500028
883	882	1	 0.500269	 0.500269
884	883	2	 1.000481	 0.500240
885	884	2	 1.000234	 0.500117
886	885	2	 1.000491	 0.500245
887	886	2	 0.999869	 0.499935
888	887	2	 1.000011	 0.500006
889	888	2	 1.000205	 0.500103
890	889	2	 0.999565	 0.499783
891	890	1	 0.500274	 0.500274
892	891	1	 0.500278	 0.500278
893	892	2	 1.000306	 0.500153
894	893	0	 0.000000	 0.000000
895	894	1	 0.500273	 0.500273
896	895	2	 0.999180	 0.499590
897	896	2	 0.999766	 0.499883
898	897	2	 1.000013	 0.500006
899	898	2	 0.999153	 0.499576
900	899	1	 0.500175	 0.500175
901	900	2	 1.000059	 0.500030
902	901	2	 1.000466	 0.500233
903	902	2	 0.999359	 0.499680
904	903	2	 1.000500	 0.500250
905	904	0	 0.000000	 0.000000
906	905	2	 1.000056	 0.500028
907	906	2	 1.000203	 0.500101
908	907	2	 1.000014	 0.500007
909	908	2	 1.000284	 0.500142
910	909	1	 0.500246	 0.500246
911	910	1	 0.500232	 0.500232
912	911	2	 1.000558	 0.500279
913	912	2	 1.000011	 0.500005
914	913	2	 0.999900	 0.499950
915	914	2	 1.000219	 0.500110
916	915	0	 0.000000	 0.000000
917	916	2	 0.999711	 0.499856
918	917	2	 0.999482	 0.499741
919	918	2	 1.000002	 0.500001
920	919	2	 0.999917	 0.499959
921	920	2	 1.000454	 0.500227
922	921	2	 1.000464	 0.500232
923	922	2	 1.000410	 0.500205
924	923	1	 0.500103	 0.500103
925	924	2	 0.999919	 0.499960
926	925	0	 0.000000	 0.000000
927	926	2	 1.000164	 0.500082
928	927	2	 0.999724	 0.499862
929	928	2	 0.999480	 0.499740
930	929	2	 1.000426	 0.500213
931	930	2	 1.000013	 0.500006
932	931	2	 1.000473	 0.500237
933	932	2	 0.999569	 0.499784
934	933	2	 0.999902	 0.499951
935	934	2	 1.000460	 0.500230
936	935	2	 0.999845	 0.499923
937	936	2	 1.000037	 0.500018
938	937	0	 0.000000	 0.000000
939	938	0	 0.000000	 0.000000
940	939	1	 0.500307	 0.500307
941	940	2	 1.000528	 0.500264
942	941	2	 1.001225	 0.500612
943	942	2	 1.000896	 0.500448
944	943	2	 0.999687	 0.499843
945	944	0	 0.000000	 0.000000
946	945	1	 0.500351	 0.500351
947	946	2	 1.000022	 0.500011
948	947	1	 0.500345	 0.500345
949	948	2	 0.998752	 0.499376
950	949	2	 1.000444	 0.500222
951	950	2	 0.998760	 0.499380
952	951	2	 1.000559	 0.500280
953	952	0	 0.000000	 0.000000
954	953	2	 0.999739	 0.499870
955	954	2	 0.999741	 0.499870
956	955	1	 0.500523	 0.500523
957	956	2	 0.999472	 0.499736
958	957	2	 1.000651	 0.500325
959	958	2	 1.000466	 0.500233
960	959	2	 0.999943	 0.499971
961	960	2	 1.001036	 0.500518
962	961	2	 0.999971	 0.499985
963	962	2	 1.001589	 0.500795
964	963	2	 1.000738	 0.500369
965	964	2	 1.000429	 0.500215
966	965	2	 1.000758	 0.500379
967	966	2	 1.001593	 0.500796
968	967	2	 0.999677	 0.499839
969	968	2	 1.000665	 0.500333
970	969	2	 1.001650	 0.500825
971	970	2	 1.000774	 0.500387
972	971	2	 1.000694	 0.500347
973	972	2	 1.000781	 0.500391
974	973	2	 0.999156	 0.499578
975	974	2	 0.999623	 0.499812
976	975	0	 0.000000	 0.000000
977	976	2	 1.001393	 0.500697
978	977	1	 0.500212	 0.500212
979	978	2	 1.001896	 0.500948
980	979	1	 0.500215	 0.500215
981	980	2	 0.998069	 0.499035
982	981	2	 1.001588	 0.500794
983	982	2	 1.000068	 0.500034
984	983	2	 0.999637	 0.499819
985	984	2	 1.000708	 0.500354
986	985	2	 0.999654	 0.499827
987	986	1	 0.500626	 0.500626
988	987	2	 1.000347	 0.500173
989	988	2	 1.001383	 0.500692
990	989	1	 0.500252	 0.500252
991	990	2	 1.000014	 0.500007
992	991	2	 0.997871	 0.498935
993	992	0	 0.000000	 0.000000
994	993	2	 1.001417	 0.500709
995	994	2	 1.000021	 0.500011
996	995	0	 0.000000	 0.000000
997	996	2	 1.000670	 0.500335
998	997	0	 0.000000	 0.000000
999	998	2	 1.000835	 0.500418
1000	999	2	 1.001501	 0.500751
1001	1000	2	 1.002143	 0.501072
1002	1001	2	 1.001862	 0.500931
1003	1002	2	 1.000843	 0.500421
1004	1003	2	 0.999719	 0.499860
1005	1004	2	 1.000837	 0.500418
1006	1005	2	 1.001837	 0.500919
1007	1006	1	 0.500258	 0.500258
1008	1007	0	 0.000000	 0.000000
1009	1008	2	 1.000802	 0.500401
1010	1009	2	 0.999634	 0.499817
1011	1010	2	 1.000787	 0.500393
1012	1011	0	 0.000000	 0.000000
1013	1012	0	 0.000000	 0.000000
1014	1013	2	 0.998970	 0.499485
1015	1014	2	 1.000810	 0.500405
1016	1015	2	 1.002187	 0.501094
1017	1016	2	 1.000667	 0.500334
1018	1017	2	 1.002154	 0.501077
1019	1018	1	 0.500271	 0.500271
1020	1019	2	 0.999618	 0.499809
1021	1020	2	 1.000851	 0.500425
1022	1021	2	 0.998202	 0.499101
1023	1022	2	 0.999703	 0.499852
1024	1023	2	 0.997738	 0.498869
1025	1024	2	 1.001508	 0.500754
1026	1025	2	 0.998919	 0.499459
1027	1026	2	 1.001861	 0.500930
1028	1027	2	 1.000781	 0.500390
1029	1028	2	 0.998941	 0.499470
1030	1029	0	 0.000000	 0.000000
1031	1030	2	 1.000785	 0.500393
1032	1031	2	 0.999723	 0.499861
1033	1032	2	 1.001802	 0.500901
1034	1033	2	 1.000027	 0.500014
1035	1034	2	 0.999525	 0.499763
1036	1035	1	 0.500691	 0.500691
1037	1036	2	 0.999530	 0.499765
1038	1037	2	 1.000064	 0.500032
1039	1038	2	 0.998950	 0.499475
1040	1039	2	 1.000835	 0.500417
1041	1040	2	 0.999629	 0.499815
1042	1041	1	 0.500696	 0.500696
1043	1042	2	 0.999624	 0.499812
1044	1043	2	 1.002191	 0.501096
