282
241
647
687
683
122
39
349
453
638
143
256
337
909
997
322
58
213
555
501
538
190
318
94
217
960
290
268
832
1041
552
413
674
985
718
901
40
731
404
191
549
794
566
606
744
611
400
913
147
87
894
183
424
999
727
974
495
749
1033
766
244
381
313
292
299
659
867
284
1010
522
125
235
791
1026
890
684
216
508
803
577
651
133
445
320
166
804
719
230
441
676
117
75
106
755
753
923
382
970
19
809
796
410
865
667
828
212
714
739
28
812
656
66
287
569
1022
811
561
542
327
60
511
1036
554
964
333
621
417
403
661
232
1
305
179
693
988
801
704
267
761
446
402
295
1038
916
722
1016
846
82
21
10
83
513
785
300
958
214
162
586
351
875
283
557
463
406
772
793
798
620
478
1011
458
164
195
374
933
617
957
207
536
360
473
1044
935
204
898
564
167
629
534
562
208
633
175
1020
363
373
95
712
275
497
854
906
700
968
31
786
156
950
154
376
816
379
137
900
813
488
782
264
54
597
657
615
1040
8
938
760
427
118
792
332
412
529
1034
56
161
815
396
948
625
859
6
630
321
845
940
141
858
466
672
352
637
366
378
544
922
433
464
720
328
521
52
375
502
344
152
824
609
409
430
737
826
1039
934
789
353
537
631
820
454
266
556
613
650
472
462
525
248
701
989
129
512
288
677
38
242
781
194
623
177
868
1043
436
880
746
90
797
702
1018
370
1029
885
221
134
336
725
579
568
486
762
1002
258
743
642
926
505
274
67
425
927
691
884
925
582
883
918
726
836
1013
844
91
596
434
364
756
481
594
139
724
46
889
869
228
545
1009
229
270
432
63
984
931
532
247
947
961
751
123
482
996
774
399
956
361
917
1024
315
995
983
1012
771
713
348
89
196
788
773
990
817
101
394
862
155
910
507
830
857
654
680
401
734
643
765
109
215
877
297
576
994
563
246
837
987
334
68
51
24
254
515
903
289
317
30
679
355
644
911
100
721
64
975
601
1030
187
80
527
979
309
150
591
468
233
227
519
908
314
110
585
249
12
367
686
78
419
222
777
723
838
358
593
986
675
250
107
112
37
111
971
9
740
200
158
827
902
365
238
839
77
346
25
102
907
223
44
666
11
469
447
635
717
70
559
872
946
855
993
966
778
359
533
169
311
1032
919
808
144
1003
22
619
551
981
920
474
843
114
954
61
506
834
269
224
965
421
426
86
345
42
48
371
547
451
165
57
339
209
324
553
456
479
543
302
362
685
172
219
573
733
173
929
310
841
335
160
571
483
88
852
231
528
171
98
34
840
595
131
15
281
136
93
234
516
819
842
197
944
882
899
347
272
493
668
240
641
485
864
953
405
32
570
805
565
55
949
97
457
338
193
49
628
1017
583
293
895
747
770
414
578
13
323
443
428
389
203
398
509
616
357
341
729
540
759
588
876
239
915
3
514
735
119
627
692
422
967
603
694
973
76
99
211
253
520
699
159
932
174
612
252
678
790
393
263
475
775
681
878
572
306
1008
914
36
124
951
607
1019
437
589
799
416
1025
605
384
574
510
518
440
818
592
728
550
121
977
296
632
343
523
132
145
524
148
294
695
662
319
74
1000
978
939
218
435
43
450
539
682
372
608
330
461
245
4
706
484
465
1035
202
354
598
736
303
942
423
664
689
316
783
795
831
955
943
708
262
800
972
697
1042
237
84
33
1031
153
210
243
548
47
924
41
69
386
614
626
754
496
991
146
741
163
921
395
896
959
257
459
870
444
220
377
35
140
65
5
168
705
1014
716
807
29
581
952
531
892
471
784
1006
438
618
103
184
1023
660
326
331
891
703
881
575
821
503
779
710
271
848
178
587
442
273
646
600
707
930
879
526
429
113
198
602
149
120
431
72
418
665
439
280
764
452
16
648
599
92
277
142
467
308
670
206
251
176
696
715
278
225
307
825
941
387
448
992
255
189
279
767
888
758
116
653
14
690
151
673
350
135
962
833
822
186
655
504
768
580
491
276
1001
477
73
449
886
698
128
127
750
138
261
50
17
170
356
385
905
873
652
645
26
752
388
671
849
476
912
780
96
2
787
205
802
945
745
455
390
490
847
546
18
866
742
730
53
157
976
415
192
904
1015
301
460
669
1037
688
369
291
71
835
558
59
115
265
498
640
936
823
928
368
658
470
1005
126
380
624
663
23
980
342
1007
259
763
634
806
861
407
182
304
397
871
757
494
104
81
982
108
329
530
286
199
105
340
20
499
610
325
863
62
969
622
480
1027
893
769
298
487
79
860
853
1021
541
584
636
260
639
285
1004
392
567
181
963
776
517
874
201
130
180
998
27
829
590
897
535
492
45
489
236
738
188
420
185
810
408
748
814
1028
604
391
500
711
732
85
856
887
312
709
226
851
649
937
560
7
411
850
383
