791
97
162
1032
182
1022
779
130
450
955
441
260
935
357
197
398
101
858
822
393
434
46
359
202
320
959
452
416
74
683
407
946
542
103
870
286
523
114
1009
364
624
1035
1017
696
533
928
854
857
866
1019
723
18
83
626
219
385
132
705
474
455
294
446
23
555
881
352
826
632
75
272
842
927
16
291
634
882
151
627
679
997
332
987
451
865
392
315
458
931
194
778
762
716
209
117
567
487
391
869
643
171
196
586
214
1003
372
534
167
190
823
498
242
236
342
78
230
670
603
38
457
1042
655
976
599
140
276
376
161
767
761
485
937
141
772
361
324
591
1012
51
744
17
1025
417
561
850
609
437
938
984
317
56
920
365
604
406
71
689
3
124
602
605
558
828
481
575
211
996
730
55
297
549
596
289
1039
479
339
444
204
729
206
329
22
862
800
308
307
494
886
691
110
109
166
732
1014
686
92
175
735
990
668
559
831
20
499
9
760
994
748
844
550
777
888
867
497
259
884
819
426
250
284
838
690
5
939
192
527
885
409
107
519
148
384
142
969
685
257
796
64
743
331
975
464
849
226
220
745
719
311
619
188
349
902
962
995
852
73
875
954
478
34
243
821
985
31
943
807
442
583
1
887
222
128
638
327
244
187
1015
394
299
584
205
682
177
843
323
684
279
775
240
873
891
630
581
263
400
347
965
229
50
399
714
944
633
837
366
731
453
1008
570
945
554
861
155
113
285
267
675
701
1002
238
662
641
163
397
184
389
29
160
217
922
553
877
30
496
146
1026
663
661
565
145
572
625
1030
111
150
707
993
387
930
343
728
585
173
305
465
918
652
827
79
100
623
525
973
380
138
404
312
149
758
953
123
917
598
60
1043
351
635
825
287
383
557
597
650
152
54
310
799
333
172
688
319
753
490
165
1036
174
125
587
42
706
337
1007
966
7
256
952
104
159
620
246
506
344
460
274
612
911
251
998
859
702
338
158
524
415
924
979
751
988
569
571
403
817
615
754
531
270
295
304
449
52
972
200
53
93
377
736
676
473
11
422
552
846
765
484
737
360
579
112
326
486
970
513
503
6
678
564
120
179
923
845
901
543
195
258
67
814
833
528
428
667
721
133
797
492
1011
379
462
504
738
912
556
420
720
750
12
980
118
15
636
168
647
933
1028
694
24
102
539
183
402
926
378
648
950
340
59
1033
645
601
773
783
47
14
628
468
431
43
316
746
350
99
313
33
215
191
518
456
388
576
840
91
300
616
306
1023
147
708
560
649
517
228
516
58
801
739
874
483
410
756
143
186
774
127
510
815
39
1041
82
532
76
793
568
590
314
593
106
813
85
755
382
830
1013
871
577
321
199
798
674
752
463
734
1020
574
932
26
530
961
301
934
235
835
248
44
704
1004
1038
108
806
607
722
963
427
611
283
551
346
353
896
588
740
210
412
644
325
940
169
255
848
371
660
757
903
768
829
770
278
766
956
345
991
804
309
77
501
541
1044
893
589
592
62
1031
618
974
802
201
900
87
157
282
36
438
677
135
651
88
154
921
296
949
369
288
960
724
1010
61
1034
803
789
41
512
816
919
293
203
221
925
355
470
941
733
693
700
889
266
363
786
1000
1005
951
63
680
536
234
354
692
447
520
1018
514
784
749
699
742
245
264
262
181
703
832
566
747
983
178
878
594
180
90
899
968
381
25
21
425
252
908
136
4
697
788
224
537
348
948
375
156
1006
526
640
717
275
781
613
669
298
621
698
1024
476
515
231
225
72
914
672
271
610
89
771
105
657
695
978
249
189
328
909
411
440
713
741
544
334
947
957
290
824
386
454
491
281
401
448
617
98
529
782
185
671
792
631
808
712
505
614
432
986
818
433
894
254
390
469
423
430
853
658
992
500
666
443
897
48
253
851
868
540
967
864
511
212
776
268
134
964
780
116
687
480
1029
507
482
546
115
795
763
129
642
70
907
207
582
232
989
883
629
890
573
608
395
362
715
488
836
475
879
502
49
8
910
269
356
69
472
1001
424
439
622
681
467
493
860
1021
805
57
600
330
227
466
461
367
811
664
419
839
785
562
247
81
929
759
122
812
718
213
218
971
936
809
144
336
277
86
216
96
1027
872
764
535
637
563
80
769
538
341
95
131
892
595
223
153
303
673
32
547
1040
40
725
208
405
65
413
905
880
1016
904
656
429
239
489
84
121
273
710
45
435
459
876
436
545
726
265
66
665
1037
606
445
370
916
471
418
981
913
982
578
709
170
280
522
895
711
810
977
322
408
942
358
374
495
318
654
27
548
659
373
915
580
237
35
10
999
509
863
521
855
19
421
794
856
193
414
646
119
368
302
261
94
790
727
126
2
653
176
834
396
898
13
335
841
198
787
508
958
639
139
68
820
477
233
847
37
137
906
28
164
241
292
