163
312
61
434
1030
582
992
90
237
297
633
512
1024
650
99
307
482
347
17
1001
107
315
161
662
115
102
904
773
298
692
299
480
65
719
639
100
511
1041
787
1009
151
750
987
59
994
819
62
103
93
589
537
601
281
710
318
829
453
110
786
166
253
410
552
64
489
504
156
494
245
446
863
438
306
363
439
545
980
619
1014
599
783
830
638
232
801
656
491
427
627
825
308
294
435
13
150
46
870
548
798
581
872
120
1036
559
474
1040
212
1013
37
426
314
926
389
24
961
1031
284
133
883
247
624
240
300
469
393
1044
735
686
687
111
698
520
910
204
466
587
836
738
746
703
112
820
1028
562
805
802
573
57
832
456
911
500
106
218
259
249
531
556
332
275
909
209
183
329
260
885
53
227
784
496
842
554
127
226
449
770
1002
1006
414
766
956
968
714
104
940
945
551
207
1011
854
795
326
430
74
411
874
856
540
974
897
1022
199
277
763
723
136
236
699
878
190
959
518
951
896
659
555
317
270
541
609
131
188
811
1039
221
176
625
965
893
60
528
571
955
392
852
969
472
428
516
331
311
258
880
141
147
678
774
515
238
530
984
564
769
47
928
949
745
673
902
25
217
361
534
636
760
920
380
49
191
1003
18
256
971
80
367
730
213
268
848
219
960
654
200
925
108
868
754
873
184
373
859
368
849
7
905
759
1027
869
125
33
348
263
851
167
697
159
126
336
647
285
440
30
101
732
384
657
254
165
804
622
239
649
756
48
121
323
808
503
631
3
79
594
274
385
164
629
640
425
497
888
937
777
669
895
744
568
866
447
396
608
152
192
485
273
145
595
334
287
938
394
729
806
610
660
946
181
607
947
834
499
717
452
837
341
378
66
158
941
641
943
526
722
325
463
377
140
623
749
936
691
637
790
862
522
63
2
155
591
319
148
600
22
507
590
976
478
475
844
546
838
55
488
73
174
82
27
963
981
490
978
288
508
924
887
721
69
143
914
211
409
708
975
616
778
343
68
173
97
529
371
898
42
934
954
611
303
171
884
983
908
316
996
293
921
462
765
208
907
271
966
390
674
767
1032
942
493
289
675
858
445
175
437
923
295
144
840
15
768
91
135
813
1029
398
402
927
1037
481
785
685
70
395
134
92
670
344
583
999
349
459
386
483
244
857
605
85
932
139
665
1004
19
420
423
118
950
248
105
779
280
461
356
740
330
250
375
408
498
28
146
891
510
682
495
436
362
304
626
712
788
762
566
997
81
422
383
194
269
718
230
781
922
706
381
810
75
278
1010
843
799
458
157
549
137
875
376
328
532
404
602
266
957
1035
1038
797
360
243
305
681
726
658
6
41
214
998
454
570
839
720
44
324
52
663
443
578
881
572
792
845
186
560
620
818
10
54
206
358
224
693
751
122
418
21
761
182
705
8
523
444
416
72
353
964
225
930
677
598
1034
604
977
517
916
715
800
178
814
917
417
724
179
477
565
742
234
450
780
457
793
309
32
1021
12
664
486
413
333
935
364
630
264
758
1019
519
716
861
448
116
391
1008
479
621
109
645
707
668
533
292
776
142
539
302
615
216
728
985
241
990
320
210
553
267
700
672
276
775
509
574
876
412
255
205
527
593
506
967
50
931
473
628
89
680
282
831
757
900
655
193
401
1015
169
88
613
882
711
725
847
815
704
727
321
944
948
313
542
919
1025
340
290
429
679
933
187
228
889
128
731
119
585
83
855
468
702
709
986
543
828
894
835
576
525
606
399
789
816
1042
892
202
524
646
153
514
991
170
563
51
283
871
168
98
123
1012
4
1000
821
764
215
853
58
96
558
809
644
684
635
223
403
995
989
11
584
561
771
906
958
229
865
752
952
242
26
747
113
117
596
203
301
1020
387
397
588
962
651
405
231
979
233
351
803
310
220
807
86
369
899
84
538
460
701
40
547
35
592
502
487
296
993
748
929
713
272
648
382
634
737
419
370
56
826
327
953
431
739
335
71
988
772
567
833
973
195
733
338
753
406
177
597
251
407
577
569
257
1033
252
154
196
696
586
694
124
366
575
618
265
138
688
14
222
860
346
846
550
822
484
129
689
1016
365
342
286
614
31
160
261
796
114
322
521
676
345
671
879
1017
29
913
441
39
1026
424
683
667
45
901
78
661
877
162
400
535
465
970
388
501
16
355
886
579
76
690
643
433
666
432
653
791
350
982
291
736
544
1
1043
1005
172
38
132
189
197
632
36
812
77
455
201
734
890
1018
442
903
1023
867
642
912
415
864
94
794
5
180
279
198
536
505
695
130
827
580
476
817
652
372
603
421
34
972
824
939
471
557
918
1007
149
9
492
379
337
87
451
95
246
359
352
617
513
755
464
235
374
467
823
43
470
357
850
743
185
612
23
915
20
841
741
354
67
782
262
339
