916
11
818
636
647
670
91
199
303
335
774
98
673
1032
892
925
73
891
290
712
463
805
760
827
912
354
487
219
765
447
814
806
763
19
600
820
877
243
404
112
890
757
343
186
674
114
38
31
1034
245
693
87
271
351
681
1017
304
3
866
86
372
269
36
689
223
308
829
239
438
964
709
678
597
686
833
739
657
969
420
353
841
624
215
849
417
795
617
594
497
570
281
926
167
758
611
538
896
171
632
628
535
623
252
220
41
491
227
488
592
140
33
641
613
745
311
312
713
523
1019
979
779
200
854
251
583
82
616
323
532
382
766
781
771
603
492
489
604
179
48
187
408
654
267
334
482
502
540
974
755
769
565
640
104
504
52
682
440
175
749
590
423
242
1044
519
901
842
922
724
510
134
444
256
163
205
277
848
826
93
835
831
576
976
330
213
212
876
12
698
998
1042
96
71
147
155
319
823
116
612
725
797
764
454
501
498
348
584
231
577
185
1022
371
2
1002
338
300
672
1015
783
753
656
558
665
904
399
942
596
4
99
152
977
777
53
960
383
435
503
414
42
963
692
602
825
986
680
285
661
1004
381
432
286
396
474
261
605
631
687
64
1023
326
59
291
798
726
599
208
810
160
844
1003
802
131
775
130
551
838
81
240
996
418
469
1036
88
920
378
20
61
178
122
248
571
476
677
737
885
591
860
643
434
74
761
595
717
150
149
230
965
732
1040
139
716
659
776
714
898
723
296
177
529
807
879
292
188
744
516
1031
711
173
967
610
443
530
467
183
376
224
466
360
397
55
110
906
322
950
218
275
539
1016
676
479
138
407
388
406
287
490
9
995
684
373
526
315
76
405
184
573
857
1018
136
325
506
515
971
754
455
398
132
1027
402
633
782
587
642
446
671
1033
103
364
815
683
273
367
537
787
566
550
864
203
5
1009
172
759
662
935
485
555
1010
635
214
494
556
401
94
871
1005
386
731
339
911
385
843
387
470
793
719
564
92
222
165
342
484
830
773
217
522
634
228
107
258
24
83
233
679
306
875
865
909
210
324
95
524
1026
1038
700
585
124
861
961
120
1013
390
43
260
601
419
785
426
249
15
945
379
567
68
416
580
1035
840
441
60
923
803
347
109
557
790
934
329
44
75
424
289
735
142
448
1030
431
10
563
588
531
652
17
730
257
161
361
919
859
337
959
465
894
305
268
349
180
226
327
694
181
123
195
544
294
660
954
483
437
216
225
994
962
25
846
66
452
433
824
520
517
770
638
559
513
997
40
853
468
37
30
648
882
162
545
615
697
101
972
154
931
817
560
536
284
121
554
799
105
788
619
988
85
704
858
409
22
57
332
457
710
747
822
549
607
989
356
1025
608
7
889
553
65
546
872
384
276
973
812
780
436
363
194
201
50
943
486
856
129
667
649
70
666
77
902
106
702
293
209
574
352
422
951
153
118
145
651
255
127
429
541
471
874
459
462
357
534
1
786
279
620
395
69
375
238
164
707
884
863
929
34
637
913
389
903
644
518
819
626
475
320
450
1020
957
937
278
804
204
1006
609
272
182
808
1043
618
445
380
176
589
982
981
801
299
1011
708
905
542
668
411
477
746
721
944
509
51
263
703
946
527
569
514
500
762
113
158
883
581
582
125
932
341
606
734
917
933
144
80
800
189
562
878
1001
28
696
664
839
460
794
669
234
733
211
956
561
715
117
295
78
115
893
880
282
313
100
663
834
907
508
333
302
983
888
505
274
701
297
528
881
392
918
298
412
21
729
953
792
368
727
480
930
614
938
718
598
862
645
207
743
690
111
410
512
369
847
232
722
202
947
377
102
948
653
695
533
262
991
1021
622
63
740
439
706
191
867
1028
54
578
6
451
978
464
472
340
816
728
924
720
496
772
579
456
984
1041
915
49
572
855
791
949
1000
135
621
166
47
229
980
789
355
393
752
939
58
241
921
851
499
845
309
895
914
196
254
67
543
736
750
461
473
899
244
314
1029
27
427
89
975
336
1037
32
639
852
133
547
453
999
658
478
90
236
365
108
525
259
507
235
481
828
317
359
449
705
128
206
958
391
992
837
413
310
283
97
1014
650
119
970
985
14
741
809
374
767
264
655
575
993
568
156
748
910
886
141
699
174
362
768
691
266
331
873
301
250
198
928
751
887
72
366
832
46
8
23
625
192
685
56
442
756
253
79
221
148
246
421
45
39
493
940
1008
280
265
35
350
237
345
146
586
270
318
897
1024
197
430
62
1007
247
358
675
784
927
952
738
627
307
193
370
941
1039
836
288
13
428
137
328
821
813
29
495
16
688
458
143
168
190
955
990
346
18
159
151
521
403
1012
778
850
811
987
966
548
552
868
344
84
157
425
870
321
908
400
126
936
646
742
26
629
630
394
169
511
170
869
415
593
796
900
316
968
