1	0	2	 0.999930	 0.499965
2	1	2	 1.000873	 0.500437
3	2	0	 0.000000	 0.000000
4	3	2	 1.000857	 0.500429
5	4	2	 1.000199	 0.500099
6	5	2	 1.000651	 0.500325
7	6	2	 0.999699	 0.499850
8	7	2	 0.999908	 0.499954
9	8	2	 1.000189	 0.500094
10	9	2	 1.000082	 0.500041
11	10	0	 0.000000	 0.000000
12	11	2	 1.000463	 0.500231
13	12	1	 0.499962	 0.499962
14	13	2	 0.999915	 0.499958
15	14	2	 1.000078	 0.500039
16	15	1	 0.499963	 0.499963
17	16	2	 1.000050	 0.500025
18	17	0	 0.000000	 0.000000
19	18	0	 0.000000	 0.000000
20	19	2	 1.000517	 0.500259
21	20	2	 1.000086	 0.500043
22	21	2	 0.999740	 0.499870
23	22	2	 0.999917	 0.499958
24	23	2	 0.999918	 0.499959
25	24	2	 1.000052	 0.500026
26	25	0	 0.000000	 0.000000
27	26	2	 1.000274	 0.500137
28	27	2	 1.000080	 0.500040
29	28	1	 0.499962	 0.499962
30	29	2	 1.000053	 0.500027
31	30	0	 0.000000	 0.000000
32	31	2	 1.000275	 0.500138
33	32	1	 0.500087	 0.500087
34	33	2	 0.999948	 0.499974
35	34	1	 0.499963	 0.499963
36	35	0	 0.000000	 0.000000
37	36	2	 1.000052	 0.500026
38	37	0	 0.000000	 0.000000
39	38	1	 0.499963	 0.499963
40	39	2	 1.000052	 0.500026
41	40	1	 0.500089	 0.500089
42	41	2	 1.000771	 0.500385
43	42	2	 1.000080	 0.500040
44	43	2	 1.000081	 0.500040
45	44	1	 0.499962	 0.499962
46	45	2	 0.999910	 0.499955
47	46	2	 1.000599	 0.500299
48	47	1	 0.500091	 0.500091
49	48	2	 1.000614	 0.500307
50	49	2	 0.999940	 0.499970
51	50	2	 1.000447	 0.500224
52	51	2	 1.000488	 0.500244
53	52	2	 1.000809	 0.500404
54	53	2	 1.000623	 0.500312
55	54	2	 1.000413	 0.500206
56	55	2	 0.999905	 0.499953
57	56	2	 0.999703	 0.499851
58	57	2	 1.000617	 0.500309
59	58	2	 1.000584	 0.500292
60	59	2	 1.000085	 0.500042
61	60	2	 1.000592	 0.500296
62	61	1	 0.499962	 0.499962
63	62	2	 1.000113	 0.500057
64	63	2	 1.000590	 0.500295
65	64	2	 0.999704	 0.499852
66	65	2	 1.000053	 0.500027
67	66	2	 1.000291	 0.500146
68	67	2	 1.000086	 0.500043
69	68	2	 0.999948	 0.499974
70	69	2	 0.999948	 0.499974
71	70	2	 1.000490	 0.500245
72	71	2	 0.999906	 0.499953
73	72	0	 0.000000	 0.000000
74	73	2	 1.000597	 0.500298
75	74	2	 1.000086	 0.500043
76	75	2	 1.000191	 0.500095
77	76	2	 0.999943	 0.499972
78	77	2	 1.000098	 0.500049
79	78	2	 0.999904	 0.499952
80	79	2	 1.000101	 0.500050
81	80	2	 1.000613	 0.500307
82	81	1	 0.500097	 0.500097
83	82	2	 0.999906	 0.499953
84	83	0	 0.000000	 0.000000
85	84	2	 0.999695	 0.499847
86	85	0	 0.000000	 0.000000
87	86	0	 0.000000	 0.000000
88	87	2	 1.000610	 0.500305
89	88	2	 1.000311	 0.500156
90	89	2	 1.000309	 0.500155
91	90	0	 0.000000	 0.000000
92	91	2	 0.999910	 0.499955
93	92	2	 1.000502	 0.500251
94	93	2	 0.999911	 0.499956
95	94	2	 0.999914	 0.499957
96	95	2	 1.000463	 0.500232
97	96	2	 1.000267	 0.500134
98	97	0	 0.000000	 0.000000
99	98	2	 1.000681	 0.500341
100	99	2	 1.000074	 0.500037
101	100	2	 0.999764	 0.499882
102	101	2	 1.000071	 0.500035
103	102	2	 1.000149	 0.500074
104	103	2	 1.000382	 0.500191
105	104	2	 0.999768	 0.499884
106	105	2	 0.999952	 0.499976
107	106	2	 0.999933	 0.499966
108	107	2	 1.000231	 0.500115
109	108	2	 1.000065	 0.500033
110	109	2	 1.000315	 0.500158
111	110	2	 1.000070	 0.500035
112	111	0	 0.000000	 0.000000
113	112	2	 1.000065	 0.500032
114	113	0	 0.000000	 0.000000
115	114	2	 1.000061	 0.500031
116	115	2	 1.000375	 0.500188
117	116	2	 1.000064	 0.500032
118	117	2	 0.999948	 0.499974
119	118	2	 0.999932	 0.499966
120	119	2	 1.000066	 0.500033
121	120	2	 0.999774	 0.499887
122	121	2	 1.000440	 0.500220
123	122	2	 1.000046	 0.500023
124	123	2	 1.000063	 0.500032
125	124	2	 1.000055	 0.500028
126	125	0	 0.000000	 0.000000
127	126	2	 0.999952	 0.499976
128	127	2	 1.000214	 0.500107
129	128	2	 0.999955	 0.499977
130	129	2	 1.000406	 0.500203
131	130	2	 1.000413	 0.500207
132	131	2	 1.000135	 0.500067
133	132	2	 1.000217	 0.500109
134	133	2	 1.000357	 0.500178
135	134	2	 1.000456	 0.500228
136	135	2	 1.000144	 0.500072
137	136	1	 0.499967	 0.499967
138	137	2	 1.000329	 0.500165
139	138	2	 1.000331	 0.500165
140	139	1	 0.500074	 0.500074
141	140	2	 0.999927	 0.499963
142	141	2	 1.000067	 0.500034
143	142	1	 0.499963	 0.499963
144	143	2	 1.000068	 0.500034
145	144	2	 0.999938	 0.499969
146	145	1	 0.499962	 0.499962
147	146	2	 1.000439	 0.500220
148	147	2	 0.999922	 0.499961
149	148	2	 1.000360	 0.500180
150	149	2	 1.000364	 0.500182
151	150	0	 0.000000	 0.000000
152	151	2	 1.000713	 0.500356
153	152	2	 0.999953	 0.499976
154	153	2	 0.999740	 0.499870
155	154	2	 1.000436	 0.500218
156	155	2	 0.999917	 0.499959
157	156	0	 0.000000	 0.000000
158	157	2	 1.000082	 0.500041
159	158	0	 0.000000	 0.000000
160	159	2	 1.000552	 0.500276
161	160	2	 1.000049	 0.500024
162	161	2	 0.999720	 0.499860
163	162	2	 1.000467	 0.500233
164	163	2	 0.999945	 0.499973
165	164	2	 0.999914	 0.499957
166	165	2	 1.000617	 0.500309
167	166	0	 0.000000	 0.000000
168	167	1	 0.499960	 0.499960
169	168	0	 0.000000	 0.000000
170	169	0	 0.000000	 0.000000
171	170	0	 0.000000	 0.000000
172	171	2	 1.000193	 0.500097
173	172	2	 1.000428	 0.500214
174	173	2	 0.999902	 0.499951
175	174	2	 1.000501	 0.500250
176	175	2	 1.000463	 0.500231
177	176	2	 1.000437	 0.500218
178	177	2	 1.000620	 0.500310
179	178	1	 0.500099	 0.500099
180	179	2	 1.000055	 0.500028
181	180	2	 1.000054	 0.500027
182	181	2	 1.000463	 0.500232
183	182	2	 1.000438	 0.500219
184	183	2	 1.000200	 0.500100
185	184	2	 1.000859	 0.500429
186	185	0	 0.000000	 0.000000
187	186	1	 0.500100	 0.500100
188	187	2	 1.000445	 0.500223
189	188	2	 1.000100	 0.500050
190	189	0	 0.000000	 0.000000
191	190	2	 1.000668	 0.500334
192	191	2	 0.999899	 0.499950
193	192	1	 0.499958	 0.499958
194	193	2	 0.999945	 0.499973
195	194	2	 1.000055	 0.500028
196	195	2	 1.000669	 0.500334
197	196	1	 0.499959	 0.499959
198	197	2	 0.999899	 0.499949
199	198	0	 0.000000	 0.000000
200	199	1	 0.500101	 0.500101
201	200	2	 0.999945	 0.499973
202	201	2	 1.000123	 0.500061
203	202	2	 1.000204	 0.500102
204	203	2	 1.000490	 0.500245
205	204	2	 1.000528	 0.500264
206	205	2	 1.000318	 0.500159
207	206	2	 1.000120	 0.500060
208	207	2	 1.000639	 0.500319
209	208	2	 0.999943	 0.499972
210	209	2	 0.999902	 0.499951
211	210	2	 1.000104	 0.500052
212	211	2	 1.000529	 0.500265
213	212	2	 1.000532	 0.500266
214	213	2	 0.999902	 0.499951
215	214	0	 0.000000	 0.000000
216	215	2	 1.000059	 0.500030
217	216	2	 0.999901	 0.499951
218	217	2	 1.000456	 0.500228
219	218	0	 0.000000	 0.000000
220	219	1	 0.500102	 0.500102
221	220	2	 0.999898	 0.499949
222	221	2	 0.999900	 0.499950
223	222	0	 0.000000	 0.000000
224	223	2	 1.000459	 0.500229
225	224	2	 1.000060	 0.500030
226	225	2	 1.000060	 0.500030
227	226	1	 0.500103	 0.500103
228	227	2	 0.999900	 0.499950
229	228	2	 1.000686	 0.500343
230	229	2	 1.000460	 0.500230
231	230	2	 1.000890	 0.500445
232	231	2	 1.000120	 0.500060
233	232	2	 0.999901	 0.499950
234	233	2	 1.000109	 0.500055
235	234	2	 1.000322	 0.500161
236	235	2	 1.000322	 0.500161
237	236	1	 0.499959	 0.499959
238	237	2	 0.999945	 0.499973
239	238	0	 0.000000	 0.000000
240	239	2	 1.000648	 0.500324
241	240	2	 1.000691	 0.500346
242	241	2	 1.000538	 0.500269
243	242	0	 0.000000	 0.000000
244	243	2	 1.000319	 0.500160
245	244	0	 0.000000	 0.000000
246	245	2	 0.999898	 0.499949
247	246	1	 0.499960	 0.499960
248	247	2	 1.000631	 0.500315
249	248	2	 1.000088	 0.500044
250	249	2	 0.999900	 0.499950
251	250	1	 0.500099	 0.500099
252	251	1	 0.500099	 0.500099
253	252	2	 0.999902	 0.499951
254	253	2	 1.000649	 0.500325
255	254	2	 0.999948	 0.499974
256	255	2	 1.000507	 0.500254
257	256	2	 1.000050	 0.500025
258	257	2	 0.999911	 0.499956
259	258	2	 1.000304	 0.500152
260	259	2	 1.000087	 0.500044
261	260	2	 1.000610	 0.500305
262	261	2	 1.000117	 0.500058
263	262	2	 1.000464	 0.500232
264	263	2	 0.999903	 0.499952
265	264	1	 0.499964	 0.499964
266	265	2	 0.999903	 0.499951
267	266	1	 0.500096	 0.500096
268	267	2	 1.000048	 0.500024
269	268	0	 0.000000	 0.000000
270	269	1	 0.499963	 0.499963
271	270	0	 0.000000	 0.000000
272	271	2	 1.000448	 0.500224
273	272	2	 1.000191	 0.500096
274	273	2	 1.000108	 0.500054
275	274	2	 1.000425	 0.500213
276	275	2	 0.999697	 0.499849
277	276	2	 1.000486	 0.500243
278	277	2	 1.000441	 0.500221
279	278	2	 0.999940	 0.499970
280	279	1	 0.499958	 0.499958
281	280	0	 0.000000	 0.000000
282	281	2	 1.000085	 0.500042
283	282	2	 1.000308	 0.500154
284	283	2	 0.999701	 0.499850
285	284	2	 1.000822	 0.500411
286	285	2	 1.000820	 0.500410
287	286	2	 1.000193	 0.500097
288	287	1	 0.499959	 0.499959
289	288	2	 1.000076	 0.500038
290	289	0	 0.000000	 0.000000
291	290	2	 1.000574	 0.500287
292	291	2	 1.000402	 0.500201
293	292	2	 0.999935	 0.499967
294	293	2	 1.000053	 0.500026
295	294	2	 1.000077	 0.500038
296	295	2	 1.000386	 0.500193
297	296	2	 1.000084	 0.500042
298	297	2	 1.000083	 0.500042
299	298	2	 1.000401	 0.500201
300	299	2	 1.000759	 0.500380
301	300	2	 0.999912	 0.499956
302	301	2	 1.000078	 0.500039
303	302	0	 0.000000	 0.000000
304	303	0	 0.000000	 0.000000
305	304	2	 1.000059	 0.500030
306	305	2	 0.999926	 0.499963
307	306	1	 0.499971	 0.499971
308	307	0	 0.000000	 0.000000
309	308	2	 1.000527	 0.500264
310	309	2	 1.000255	 0.500128
311	310	1	 0.500077	 0.500077
312	311	1	 0.500081	 0.500081
313	312	2	 1.000071	 0.500035
314	313	2	 1.000250	 0.500125
315	314	2	 1.000162	 0.500081
316	315	0	 0.000000	 0.000000
317	316	2	 1.000274	 0.500137
318	317	1	 0.499962	 0.499962
319	318	2	 1.000396	 0.500198
320	319	2	 1.000369	 0.500184
321	320	0	 0.000000	 0.000000
322	321	2	 1.000338	 0.500169
323	322	1	 0.500079	 0.500079
324	323	2	 0.999927	 0.499963
325	324	2	 1.000160	 0.500080
326	325	2	 1.000504	 0.500252
327	326	2	 1.000042	 0.500021
328	327	1	 0.499968	 0.499968
329	328	2	 1.000069	 0.500034
330	329	2	 1.000432	 0.500216
331	330	2	 0.999926	 0.499963
332	331	2	 0.999745	 0.499872
333	332	2	 1.000082	 0.500041
334	333	1	 0.500084	 0.500084
335	334	0	 0.000000	 0.000000
336	335	2	 1.000265	 0.500133
337	336	2	 1.000041	 0.500020
338	337	2	 1.000687	 0.500343
339	338	2	 0.999926	 0.499963
340	339	2	 1.000533	 0.500267
341	340	2	 1.000067	 0.500034
342	341	2	 0.999919	 0.499960
343	342	0	 0.000000	 0.000000
344	343	0	 0.000000	 0.000000
345	344	1	 0.499957	 0.499957
346	345	0	 0.000000	 0.000000
347	346	2	 1.000075	 0.500038
348	347	2	 1.000761	 0.500380
349	348	2	 1.000055	 0.500027
350	349	1	 0.499959	 0.499959
351	350	0	 0.000000	 0.000000
352	351	2	 0.999944	 0.499972
353	352	0	 0.000000	 0.000000
354	353	0	 0.000000	 0.000000
355	354	2	 1.000568	 0.500284
356	355	2	 0.999733	 0.499867
357	356	2	 0.999942	 0.499971
358	357	1	 0.499959	 0.499959
359	358	2	 1.000295	 0.500148
360	359	2	 1.000392	 0.500196
361	360	2	 1.000054	 0.500027
362	361	2	 0.999917	 0.499959
363	362	2	 0.999722	 0.499861
364	363	2	 1.000182	 0.500091
365	364	2	 1.000301	 0.500151
366	365	2	 0.999915	 0.499958
367	366	2	 1.000182	 0.500091
368	367	2	 1.000073	 0.500036
369	368	2	 1.000074	 0.500037
370	369	1	 0.499955	 0.499955
371	370	2	 1.000786	 0.500393
372	371	0	 0.000000	 0.000000
373	372	2	 1.000179	 0.500090
374	373	2	 0.999918	 0.499959
375	374	2	 0.999937	 0.499968
376	375	2	 1.000383	 0.500192
377	376	2	 1.000077	 0.500038
378	377	2	 1.000537	 0.500268
379	378	2	 1.000073	 0.500037
380	379	2	 1.000391	 0.500195
381	380	2	 1.000772	 0.500386
382	381	1	 0.500093	 0.500093
383	382	2	 1.000798	 0.500399
384	383	2	 0.999714	 0.499857
385	384	2	 0.999911	 0.499955
386	385	2	 0.999912	 0.499956
387	386	2	 0.999910	 0.499955
388	387	2	 1.000176	 0.500088
389	388	2	 1.000402	 0.500201
390	389	2	 1.000075	 0.500038
391	390	2	 1.000289	 0.500144
392	391	2	 1.000081	 0.500041
393	392	2	 1.000572	 0.500286
394	393	0	 0.000000	 0.000000
395	394	2	 0.999939	 0.499969
396	395	2	 1.000541	 0.500271
397	396	2	 1.000373	 0.500187
398	397	2	 1.000169	 0.500085
399	398	2	 1.000741	 0.500371
400	399	0	 0.000000	 0.000000
401	400	2	 0.999914	 0.499957
402	401	2	 1.000166	 0.500083
403	402	0	 0.000000	 0.000000
404	403	0	 0.000000	 0.000000
405	404	2	 1.000170	 0.500085
406	405	2	 1.000170	 0.500085
407	406	2	 1.000171	 0.500085
408	407	1	 0.500087	 0.500087
409	408	2	 0.999719	 0.499860
410	409	2	 1.000096	 0.500048
411	410	2	 1.000434	 0.500217
412	411	2	 1.000094	 0.500047
413	412	2	 1.000315	 0.500157
414	413	2	 1.000844	 0.500422
415	414	0	 0.000000	 0.000000
416	415	2	 1.000085	 0.500043
417	416	0	 0.000000	 0.000000
418	417	2	 1.000630	 0.500315
419	418	2	 1.000086	 0.500043
420	419	0	 0.000000	 0.000000
421	420	1	 0.499954	 0.499954
422	421	2	 0.999922	 0.499961
423	422	2	 1.000538	 0.500269
424	423	2	 1.000087	 0.500044
425	424	0	 0.000000	 0.000000
426	425	2	 1.000090	 0.500045
427	426	2	 1.000350	 0.500175
428	427	1	 0.499953	 0.499953
429	428	2	 0.999926	 0.499963
430	429	1	 0.499951	 0.499951
431	430	2	 1.000094	 0.500047
432	431	2	 1.000945	 0.500473
433	432	2	 1.000069	 0.500034
434	433	2	 1.000681	 0.500340
435	434	2	 1.000956	 0.500478
436	435	2	 0.999649	 0.499824
437	436	2	 1.000069	 0.500034
438	437	0	 0.000000	 0.000000
439	438	2	 1.000106	 0.500053
440	439	2	 1.000587	 0.500293
441	440	2	 1.000098	 0.500049
442	441	2	 0.999891	 0.499945
443	442	2	 1.000494	 0.500247
444	443	2	 1.000573	 0.500286
445	444	2	 1.000510	 0.500255
446	445	2	 1.000223	 0.500112
447	446	0	 0.000000	 0.000000
448	447	2	 1.000098	 0.500049
449	448	2	 1.000358	 0.500179
450	449	2	 1.000524	 0.500262
451	450	2	 1.000728	 0.500364
452	451	2	 1.000064	 0.500032
453	452	2	 1.000353	 0.500177
454	453	2	 1.000963	 0.500482
455	454	2	 1.000226	 0.500113
456	455	2	 1.000741	 0.500371
457	456	2	 0.999646	 0.499823
458	457	1	 0.499950	 0.499950
459	458	2	 0.999928	 0.499964
460	459	2	 1.000106	 0.500053
461	460	2	 1.000354	 0.500177
462	461	2	 0.999930	 0.499965
463	462	0	 0.000000	 0.000000
464	463	2	 1.000729	 0.500364
465	464	2	 1.000066	 0.500033
466	465	2	 1.000491	 0.500245
467	466	2	 1.000490	 0.500245
468	467	2	 1.000067	 0.500033
469	468	2	 1.000692	 0.500346
470	469	2	 0.999895	 0.499947
471	470	2	 0.999923	 0.499961
472	471	2	 1.000725	 0.500362
473	472	2	 1.000353	 0.500176
474	473	2	 1.000690	 0.500345
475	474	2	 1.000510	 0.500255
476	475	2	 1.000688	 0.500344
477	476	2	 1.000502	 0.500251
478	477	2	 1.000351	 0.500176
479	478	2	 1.000478	 0.500239
480	479	2	 1.000107	 0.500054
481	480	2	 1.000345	 0.500172
482	481	1	 0.500105	 0.500105
483	482	2	 1.000064	 0.500032
484	483	2	 0.999899	 0.499950
485	484	2	 0.999899	 0.499949
486	485	2	 0.999927	 0.499964
487	486	0	 0.000000	 0.000000
488	487	1	 0.500107	 0.500107
489	488	1	 0.500108	 0.500108
490	489	2	 1.000219	 0.500109
491	490	1	 0.500109	 0.500109
492	491	1	 0.500110	 0.500110
493	492	1	 0.499949	 0.499949
494	493	2	 0.999896	 0.499948
495	494	1	 0.499950	 0.499950
496	495	2	 1.000712	 0.500356
497	496	0	 0.000000	 0.000000
498	497	2	 1.000940	 0.500470
499	498	2	 1.000711	 0.500355
500	499	2	 1.000491	 0.500246
501	500	2	 1.000935	 0.500467
502	501	1	 0.500108	 0.500108
503	502	2	 1.000924	 0.500462
504	503	2	 1.000556	 0.500278
505	504	2	 1.000099	 0.500050
506	505	2	 1.000216	 0.500108
507	506	2	 1.000341	 0.500170
508	507	2	 1.000089	 0.500044
509	508	2	 1.000474	 0.500237
510	509	2	 1.000544	 0.500272
511	510	0	 0.000000	 0.000000
512	511	2	 1.000097	 0.500049
513	512	2	 1.000059	 0.500030
514	513	2	 1.000470	 0.500235
515	514	2	 1.000209	 0.500105
516	515	2	 1.000458	 0.500229
517	516	2	 1.000056	 0.500028
518	517	2	 1.000473	 0.500236
519	518	2	 1.000538	 0.500269
520	519	2	 1.000056	 0.500028
521	520	0	 0.000000	 0.000000
522	521	2	 0.999904	 0.499952
523	522	1	 0.500104	 0.500104
524	523	2	 0.999904	 0.499952
525	524	2	 1.000330	 0.500165
526	525	2	 1.000208	 0.500104
527	526	2	 1.000468	 0.500234
528	527	2	 1.000098	 0.500049
529	528	2	 1.000452	 0.500226
530	529	2	 1.000452	 0.500226
531	530	2	 1.000090	 0.500045
532	531	1	 0.500102	 0.500102
533	532	2	 1.000099	 0.500049
534	533	2	 0.999926	 0.499963
535	534	1	 0.500102	 0.500102
536	535	2	 0.999679	 0.499839
537	536	2	 1.000204	 0.500102
538	537	0	 0.000000	 0.000000
539	538	2	 1.000444	 0.500222
540	539	1	 0.500101	 0.500101
541	540	2	 0.999928	 0.499964
542	541	2	 1.000454	 0.500227
543	542	2	 1.000323	 0.500162
544	543	2	 1.000058	 0.500029
545	544	2	 0.999677	 0.499839
546	545	2	 0.999677	 0.499838
547	546	2	 1.000326	 0.500163
548	547	0	 0.000000	 0.000000
549	548	2	 0.999677	 0.499838
550	549	2	 1.000207	 0.500103
551	550	2	 1.000637	 0.500319
552	551	0	 0.000000	 0.000000
553	552	2	 0.999674	 0.499837
554	553	2	 0.999675	 0.499837
555	554	2	 0.999904	 0.499952
556	555	2	 0.999903	 0.499952
557	556	2	 1.000089	 0.500045
558	557	2	 1.000885	 0.500442
559	558	2	 1.000058	 0.500029
560	559	2	 0.999675	 0.499837
561	560	2	 1.000088	 0.500044
562	561	2	 1.000088	 0.500044
563	562	2	 1.000086	 0.500043
564	563	2	 0.999905	 0.499953
565	564	2	 1.000520	 0.500260
566	565	2	 1.000201	 0.500100
567	566	2	 1.000087	 0.500043
568	567	2	 0.999902	 0.499951
569	568	2	 1.000458	 0.500229
570	569	0	 0.000000	 0.000000
571	570	2	 1.000629	 0.500315
572	571	2	 1.000662	 0.500331
573	572	2	 1.000205	 0.500102
574	573	2	 0.999925	 0.499962
575	574	2	 0.999902	 0.499951
576	575	2	 1.000523	 0.500262
577	576	2	 1.000866	 0.500433
578	577	2	 1.000660	 0.500330
579	578	2	 1.000661	 0.500331
580	579	2	 1.000088	 0.500044
581	580	2	 1.000093	 0.500047
582	581	2	 1.000093	 0.500046
583	582	1	 0.500100	 0.500100
584	583	2	 1.000858	 0.500429
585	584	2	 1.000089	 0.500044
586	585	1	 0.499957	 0.499957
587	586	2	 1.000207	 0.500103
588	587	2	 1.000089	 0.500044
589	588	2	 1.000459	 0.500230
590	589	2	 1.000520	 0.500260
591	590	2	 1.000633	 0.500316
592	591	1	 0.500102	 0.500102
593	592	0	 0.000000	 0.000000
594	593	0	 0.000000	 0.000000
595	594	2	 1.000450	 0.500225
596	595	2	 1.000879	 0.500439
597	596	0	 0.000000	 0.000000
598	597	2	 1.000097	 0.500049
599	598	2	 1.000631	 0.500315
600	599	0	 0.000000	 0.000000
601	600	2	 1.000089	 0.500045
602	601	2	 1.000879	 0.500440
603	602	1	 0.500102	 0.500102
604	603	1	 0.500102	 0.500102
605	604	2	 1.000631	 0.500315
606	605	2	 1.000090	 0.500045
607	606	2	 0.999675	 0.499837
608	607	2	 0.999672	 0.499836
609	608	2	 1.000464	 0.500232
610	609	2	 1.000449	 0.500225
611	610	0	 0.000000	 0.000000
612	611	2	 1.000527	 0.500264
613	612	1	 0.500102	 0.500102
614	613	2	 1.000101	 0.500050
615	614	2	 0.999670	 0.499835
616	615	1	 0.500102	 0.500102
617	616	0	 0.000000	 0.000000
618	617	2	 1.000467	 0.500233
619	618	2	 0.999669	 0.499834
620	619	2	 0.999924	 0.499962
621	620	2	 1.000672	 0.500336
622	621	2	 1.000097	 0.500049
623	622	1	 0.500103	 0.500103
624	623	0	 0.000000	 0.000000
625	624	2	 0.999899	 0.499950
626	625	2	 1.000468	 0.500234
627	626	1	 0.499954	 0.499954
628	627	0	 0.000000	 0.000000
629	628	0	 0.000000	 0.000000
630	629	0	 0.000000	 0.000000
631	630	2	 1.000629	 0.500314
632	631	0	 0.000000	 0.000000
633	632	2	 1.000207	 0.500103
634	633	2	 0.999906	 0.499953
635	634	2	 0.999905	 0.499952
636	635	0	 0.000000	 0.000000
637	636	2	 0.999925	 0.499962
638	637	2	 1.000057	 0.500028
639	638	2	 1.000328	 0.500164
640	639	2	 1.000530	 0.500265
641	640	1	 0.500102	 0.500102
642	641	2	 1.000207	 0.500103
643	642	2	 1.000634	 0.500317
644	643	2	 1.000461	 0.500231
645	644	2	 1.000095	 0.500048
646	645	0	 0.000000	 0.000000
647	646	0	 0.000000	 0.000000
648	647	2	 1.000059	 0.500029
649	648	2	 0.999925	 0.499962
650	649	2	 0.999903	 0.499951
651	650	2	 0.999925	 0.499963
652	651	2	 1.000088	 0.500044
653	652	2	 1.000092	 0.500046
654	653	1	 0.500099	 0.500099
655	654	2	 0.999903	 0.499951
656	655	2	 1.000857	 0.500429
657	656	0	 0.000000	 0.000000
658	657	2	 1.000325	 0.500162
659	658	2	 1.000443	 0.500222
660	659	2	 1.000062	 0.500031
661	660	2	 1.000879	 0.500440
662	661	2	 0.999903	 0.499952
663	662	2	 1.000082	 0.500041
664	663	2	 1.000080	 0.500040
665	664	2	 1.000871	 0.500435
666	665	2	 0.999922	 0.499961
667	666	2	 0.999920	 0.499960
668	667	2	 1.000456	 0.500228
669	668	2	 1.000080	 0.500040
670	669	0	 0.000000	 0.000000
671	670	2	 1.000204	 0.500102
672	671	2	 1.000873	 0.500437
673	672	0	 0.000000	 0.000000
674	673	0	 0.000000	 0.000000
675	674	1	 0.499951	 0.499951
676	675	2	 1.000441	 0.500220
677	676	2	 1.000628	 0.500314
678	677	0	 0.000000	 0.000000
679	678	2	 0.999905	 0.499952
680	679	2	 1.000871	 0.500435
681	680	0	 0.000000	 0.000000
682	681	2	 1.000523	 0.500262
683	682	2	 1.000203	 0.500102
684	683	2	 1.000202	 0.500101
685	684	2	 0.999902	 0.499951
686	685	0	 0.000000	 0.000000
687	686	2	 1.000635	 0.500318
688	687	1	 0.499952	 0.499952
689	688	0	 0.000000	 0.000000
690	689	2	 1.000094	 0.500047
691	690	2	 0.999902	 0.499951
692	691	2	 1.000877	 0.500438
693	692	0	 0.000000	 0.000000
694	693	2	 1.000062	 0.500031
695	694	2	 1.000093	 0.500047
696	695	2	 1.000086	 0.500043
697	696	2	 0.999682	 0.499841
698	697	2	 1.000525	 0.500262
699	698	2	 0.999903	 0.499951
700	699	2	 1.000088	 0.500044
701	700	2	 1.000096	 0.500048
702	701	2	 0.999928	 0.499964
703	702	2	 1.000460	 0.500230
704	703	2	 0.999682	 0.499841
705	704	2	 1.000326	 0.500163
706	705	2	 1.000098	 0.500049
707	706	2	 0.999929	 0.499965
708	707	2	 1.000464	 0.500232
709	708	0	 0.000000	 0.000000
710	709	2	 0.999678	 0.499839
711	710	2	 1.000447	 0.500223
712	711	0	 0.000000	 0.000000
713	712	1	 0.500101	 0.500101
714	713	2	 1.000445	 0.500223
715	714	2	 1.000093	 0.500046
716	715	2	 1.000446	 0.500223
717	716	2	 1.000445	 0.500222
718	717	2	 1.000104	 0.500052
719	718	2	 0.999904	 0.499952
720	719	2	 1.000665	 0.500333
721	720	2	 1.000462	 0.500231
722	721	2	 1.000099	 0.500049
723	722	2	 1.000449	 0.500225
724	723	2	 1.000533	 0.500267
725	724	2	 1.000530	 0.500265
726	725	2	 1.000642	 0.500321
727	726	2	 1.000104	 0.500052
728	727	2	 1.000678	 0.500339
729	728	2	 1.000105	 0.500053
730	729	2	 1.000063	 0.500031
731	730	2	 0.999900	 0.499950
732	731	2	 1.000457	 0.500228
733	732	2	 1.000091	 0.500046
734	733	2	 1.000090	 0.500045
735	734	2	 1.000091	 0.500046
736	735	2	 1.000335	 0.500167
737	736	2	 1.000648	 0.500324
738	737	1	 0.499953	 0.499953
739	738	0	 0.000000	 0.000000
740	739	2	 1.000102	 0.500051
741	740	2	 0.999899	 0.499950
742	741	0	 0.000000	 0.000000
743	742	2	 1.000102	 0.500051
744	743	2	 1.000457	 0.500228
745	744	1	 0.500104	 0.500104
746	745	2	 1.000477	 0.500239
747	746	2	 0.999673	 0.499837
748	747	2	 0.999899	 0.499949
749	748	2	 1.000537	 0.500268
750	749	2	 1.000336	 0.500168
751	750	2	 0.999898	 0.499949
752	751	2	 1.000688	 0.500344
753	752	2	 1.000902	 0.500451
754	753	2	 1.000209	 0.500104
755	754	1	 0.500104	 0.500104
756	755	2	 0.999898	 0.499949
757	756	0	 0.000000	 0.000000
758	757	0	 0.000000	 0.000000
759	758	2	 0.999900	 0.499950
760	759	0	 0.000000	 0.000000
761	760	2	 1.000646	 0.500323
762	761	2	 1.000095	 0.500047
763	762	0	 0.000000	 0.000000
764	763	2	 1.000892	 0.500446
765	764	0	 0.000000	 0.000000
766	765	1	 0.500103	 0.500103
767	766	2	 0.999897	 0.499949
768	767	2	 0.999897	 0.499948
769	768	1	 0.500104	 0.500104
770	769	2	 1.000061	 0.500030
771	770	1	 0.500105	 0.500105
772	771	2	 1.000683	 0.500341
773	772	2	 0.999902	 0.499951
774	773	0	 0.000000	 0.000000
775	774	2	 1.000654	 0.500327
776	775	2	 1.000460	 0.500230
777	776	2	 1.000898	 0.500449
778	777	0	 0.000000	 0.000000
779	778	1	 0.500104	 0.500104
780	779	2	 0.999668	 0.499834
781	780	1	 0.500104	 0.500104
782	781	2	 1.000210	 0.500105
783	782	2	 1.000907	 0.500453
784	783	1	 0.499953	 0.499953
785	784	2	 1.000093	 0.500046
786	785	2	 0.999922	 0.499961
787	786	2	 1.000210	 0.500105
788	787	2	 0.999671	 0.499835
789	788	2	 1.000674	 0.500337
790	789	2	 1.000091	 0.500045
791	790	2	 1.000675	 0.500338
792	791	2	 1.000095	 0.500048
793	792	2	 0.999902	 0.499951
794	793	2	 1.000087	 0.500044
795	794	0	 0.000000	 0.000000
796	795	0	 0.000000	 0.000000
797	796	2	 1.000536	 0.500268
798	797	2	 1.000654	 0.500327
799	798	2	 0.999664	 0.499832
800	799	2	 1.000089	 0.500044
801	800	2	 1.000477	 0.500238
802	801	2	 1.000660	 0.500330
803	802	2	 1.000093	 0.500047
804	803	2	 1.000481	 0.500240
805	804	0	 0.000000	 0.000000
806	805	0	 0.000000	 0.000000
807	806	2	 1.000464	 0.500232
808	807	2	 1.000481	 0.500241
809	808	2	 0.999899	 0.499949
810	809	2	 1.000658	 0.500329
811	810	0	 0.000000	 0.000000
812	811	2	 0.999670	 0.499835
813	812	1	 0.499954	 0.499954
814	813	0	 0.000000	 0.000000
815	814	2	 1.000206	 0.500103
816	815	2	 1.000675	 0.500338
817	816	2	 0.999671	 0.499835
818	817	0	 0.000000	 0.000000
819	818	2	 1.000472	 0.500236
820	819	0	 0.000000	 0.000000
821	820	1	 0.499954	 0.499954
822	821	2	 0.999669	 0.499834
823	822	2	 1.000536	 0.500268
824	823	2	 1.000059	 0.500029
825	824	2	 1.000888	 0.500444
826	825	2	 1.000532	 0.500266
827	826	0	 0.000000	 0.000000
828	827	2	 1.000335	 0.500168
829	828	0	 0.000000	 0.000000
830	829	2	 0.999906	 0.499953
831	830	2	 1.000527	 0.500263
832	831	2	 0.999905	 0.499953
833	832	0	 0.000000	 0.000000
834	833	2	 1.000093	 0.500047
835	834	2	 1.000513	 0.500257
836	835	1	 0.499959	 0.499959
837	836	2	 1.000323	 0.500162
838	837	2	 1.000637	 0.500319
839	838	2	 1.000100	 0.500050
840	839	2	 1.000094	 0.500047
841	840	0	 0.000000	 0.000000
842	841	2	 1.000542	 0.500271
843	842	2	 0.999900	 0.499950
844	843	2	 1.000651	 0.500325
845	844	2	 1.000702	 0.500351
846	845	2	 1.000057	 0.500028
847	846	2	 1.000129	 0.500064
848	847	2	 1.000535	 0.500268
849	848	0	 0.000000	 0.000000
850	849	0	 0.000000	 0.000000
851	850	2	 1.000698	 0.500349
852	851	2	 1.000325	 0.500162
853	852	2	 1.000060	 0.500030
854	853	1	 0.500111	 0.500111
855	854	2	 1.000722	 0.500361
856	855	2	 0.999941	 0.499971
857	856	2	 1.000214	 0.500107
858	857	2	 0.999662	 0.499831
859	858	2	 1.000065	 0.500032
860	859	2	 1.000685	 0.500343
861	860	2	 1.000098	 0.500049
862	861	2	 1.000116	 0.500058
863	862	2	 0.999926	 0.499963
864	863	2	 1.000230	 0.500115
865	864	2	 0.999899	 0.499949
866	865	0	 0.000000	 0.000000
867	866	2	 1.000777	 0.500389
868	867	0	 0.000000	 0.000000
869	868	0	 0.000000	 0.000000
870	869	0	 0.000000	 0.000000
871	870	2	 0.999898	 0.499949
872	871	2	 0.999636	 0.499818
873	872	2	 0.999886	 0.499943
874	873	2	 0.999937	 0.499968
875	874	2	 0.999895	 0.499948
876	875	2	 1.000589	 0.500295
877	876	0	 0.000000	 0.000000
878	877	2	 1.000127	 0.500064
879	878	2	 1.000500	 0.500250
880	879	2	 1.000130	 0.500065
881	880	2	 1.000152	 0.500076
882	881	2	 0.999653	 0.499826
883	882	2	 1.000138	 0.500069
884	883	2	 0.999957	 0.499979
885	884	2	 1.000695	 0.500348
886	885	2	 0.999887	 0.499943
887	886	2	 0.999889	 0.499945
888	887	2	 1.000135	 0.500067
889	888	2	 0.999656	 0.499828
890	889	0	 0.000000	 0.000000
891	890	0	 0.000000	 0.000000
892	891	0	 0.000000	 0.000000
893	892	2	 1.000140	 0.500070
894	893	2	 1.000057	 0.500029
895	894	2	 1.000763	 0.500382
896	895	0	 0.000000	 0.000000
897	896	1	 0.499961	 0.499961
898	897	2	 1.000530	 0.500265
899	898	2	 1.000352	 0.500176
900	899	0	 0.000000	 0.000000
901	900	2	 1.000568	 0.500284
902	901	2	 0.999966	 0.499983
903	902	2	 1.000558	 0.500279
904	903	2	 1.000972	 0.500486
905	904	2	 1.000547	 0.500274
906	905	2	 1.000500	 0.500250
907	906	2	 1.000130	 0.500065
908	907	0	 0.000000	 0.000000
909	908	2	 0.999906	 0.499953
910	909	2	 0.999900	 0.499950
911	910	2	 0.999915	 0.499958
912	911	0	 0.000000	 0.000000
913	912	2	 1.000426	 0.500213
914	913	2	 1.000568	 0.500284
915	914	2	 1.000549	 0.500275
916	915	0	 0.000000	 0.000000
917	916	2	 1.000083	 0.500041
918	917	2	 1.000093	 0.500046
919	918	2	 1.000038	 0.500019
920	919	2	 1.000433	 0.500217
921	920	2	 1.000468	 0.500234
922	921	2	 1.000371	 0.500186
923	922	2	 1.000063	 0.500032
924	923	2	 1.000455	 0.500228
925	924	0	 0.000000	 0.000000
926	925	0	 0.000000	 0.000000
927	926	1	 0.499968	 0.499968
928	927	2	 0.999928	 0.499964
929	928	2	 0.999966	 0.499983
930	929	2	 1.000093	 0.500047
931	930	2	 0.999772	 0.499886
932	931	2	 1.000083	 0.500042
933	932	2	 1.000090	 0.500045
934	933	2	 1.000074	 0.500037
935	934	2	 0.999930	 0.499965
936	935	0	 0.000000	 0.000000
937	936	2	 1.000385	 0.500192
938	937	2	 1.000086	 0.500043
939	938	2	 1.000491	 0.500245
940	939	1	 0.499937	 0.499937
941	940	1	 0.499935	 0.499935
942	941	2	 1.001752	 0.500876
943	942	2	 0.999901	 0.499951
944	943	2	 1.001088	 0.500544
945	944	2	 1.000212	 0.500106
946	945	2	 1.001106	 0.500553
947	946	2	 1.000326	 0.500163
948	947	2	 1.000325	 0.500162
949	948	2	 1.001484	 0.500742
950	949	2	 1.000988	 0.500494
951	950	2	 0.999920	 0.499960
952	951	1	 0.499936	 0.499936
953	952	2	 1.000329	 0.500164
954	953	2	 1.000101	 0.500051
955	954	0	 0.000000	 0.000000
956	955	2	 1.000285	 0.500143
957	956	2	 1.000400	 0.500200
958	957	2	 1.000838	 0.500419
959	958	2	 1.000233	 0.500117
960	959	2	 1.001612	 0.500806
961	960	2	 1.000127	 0.500063
962	961	2	 1.000218	 0.500109
963	962	2	 1.001920	 0.500960
964	963	0	 0.000000	 0.000000
965	964	2	 1.000923	 0.500461
966	965	0	 0.000000	 0.000000
967	966	2	 1.001038	 0.500519
968	967	0	 0.000000	 0.000000
969	968	0	 0.000000	 0.000000
970	969	2	 0.999823	 0.499911
971	970	2	 1.000564	 0.500282
972	971	2	 0.999194	 0.499597
973	972	2	 0.999208	 0.499604
974	973	1	 0.500290	 0.500290
975	974	2	 1.001202	 0.500601
976	975	2	 1.001415	 0.500707
977	976	2	 1.002367	 0.501183
978	977	2	 1.001589	 0.500795
979	978	1	 0.500295	 0.500295
980	979	2	 1.001598	 0.500799
981	980	2	 1.000755	 0.500378
982	981	2	 1.000763	 0.500382
983	982	2	 0.999857	 0.499928
984	983	2	 1.001619	 0.500809
985	984	2	 0.999815	 0.499907
986	985	2	 1.002392	 0.501196
987	986	0	 0.000000	 0.000000
988	987	2	 0.999100	 0.499550
989	988	2	 0.999121	 0.499561
990	989	0	 0.000000	 0.000000
991	990	2	 0.999832	 0.499916
992	991	2	 1.001152	 0.500576
993	992	2	 0.999796	 0.499898
994	993	2	 1.000171	 0.500085
995	994	2	 1.000658	 0.500329
996	995	2	 1.001784	 0.500892
997	996	2	 1.000169	 0.500084
998	997	2	 1.001657	 0.500829
999	998	2	 1.001204	 0.500602
1000	999	2	 1.001854	 0.500927
1001	1000	2	 0.999872	 0.499936
1002	1001	2	 1.002692	 0.501346
1003	1002	2	 1.001849	 0.500924
1004	1003	2	 1.002679	 0.501339
1005	1004	2	 0.999760	 0.499880
1006	1005	2	 1.000915	 0.500458
1007	1006	1	 0.499787	 0.499787
1008	1007	1	 0.499783	 0.499783
1009	1008	2	 1.000674	 0.500337
1010	1009	2	 0.999764	 0.499882
1011	1010	2	 1.000943	 0.500471
1012	1011	0	 0.000000	 0.000000
1013	1012	2	 1.000239	 0.500120
1014	1013	2	 1.001176	 0.500588
1015	1014	2	 1.002688	 0.501344
1016	1015	2	 1.001283	 0.500642
1017	1016	0	 0.000000	 0.000000
1018	1017	2	 1.000667	 0.500334
1019	1018	1	 0.500342	 0.500342
1020	1019	2	 1.000949	 0.500474
1021	1020	2	 0.999827	 0.499913
1022	1021	2	 1.002726	 0.501363
1023	1022	2	 1.001895	 0.500947
1024	1023	1	 0.499794	 0.499794
1025	1024	2	 0.998935	 0.499468
1026	1025	2	 1.000244	 0.500122
1027	1026	2	 1.000682	 0.500341
1028	1027	2	 1.001772	 0.500886
1029	1028	2	 1.001205	 0.500603
1030	1029	2	 1.000239	 0.500119
1031	1030	2	 1.001255	 0.500628
1032	1031	0	 0.000000	 0.000000
1033	1032	2	 1.000661	 0.500330
1034	1033	0	 0.000000	 0.000000
1035	1034	2	 1.000241	 0.500121
1036	1035	2	 1.001850	 0.500925
1037	1036	2	 1.001179	 0.500590
1038	1037	2	 1.000236	 0.500118
1039	1038	1	 0.499794	 0.499794
1040	1039	2	 1.001277	 0.500638
1041	1040	2	 1.001820	 0.500910
1042	1041	2	 1.001657	 0.500829
1043	1042	2	 1.000937	 0.500469
1044	1043	2	 1.001648	 0.500824
