957
608
580
661
138
632
68
399
308
366
343
391
565
546
946
712
26
84
261
292
455
769
542
669
181
287
448
300
861
548
949
363
933
224
859
587
191
652
16
756
58
817
1011
354
600
718
607
529
556
948
3
95
1029
428
572
966
479
347
275
410
893
627
595
342
613
222
353
383
102
837
965
309
945
256
594
798
884
98
321
245
103
407
112
427
44
323
408
668
246
990
1028
187
751
898
442
743
731
651
213
1033
94
1034
117
115
23
80
226
772
762
466
694
864
855
968
241
48
359
902
1037
234
1036
802
812
264
818
903
805
810
974
763
185
835
877
975
775
740
315
871
851
395
610
544
151
925
137
579
189
732
878
996
944
736
387
539
488
699
774
880
357
909
1012
196
367
954
450
252
633
510
467
820
786
787
419
619
286
730
186
31
726
870
495
305
511
485
926
631
800
904
1019
253
119
553
886
518
91
331
143
951
815
914
86
250
301
203
984
310
472
1006
749
35
874
869
1032
207
200
675
318
833
225
148
988
167
986
913
778
891
827
1
813
124
1016
912
567
701
401
9
754
142
242
4
255
243
21
350
173
581
1026
588
689
381
746
259
314
339
883
576
882
809
155
460
683
937
624
752
322
868
848
530
1024
306
475
15
828
278
432
206
273
688
845
77
295
879
606
17
282
132
123
333
737
782
761
634
458
20
11
285
715
1009
673
51
825
549
663
237
665
414
493
40
441
554
894
577
233
771
682
325
247
145
509
929
847
481
938
100
406
402
120
807
734
8
130
437
547
887
257
144
425
43
78
636
205
709
272
524
831
690
620
849
92
922
776
468
1007
457
291
899
88
889
1031
679
307
384
728
473
602
892
559
299
362
703
480
921
852
714
66
994
462
838
766
793
705
223
198
13
597
157
585
337
725
1015
28
369
638
37
1025
118
570
907
262
374
122
977
727
344
742
394
22
741
7
1023
538
836
156
521
164
911
178
136
520
453
598
781
759
527
1030
508
589
18
1004
604
188
212
204
361
41
692
404
63
601
1010
39
67
376
160
596
34
338
201
674
452
647
192
377
865
768
209
586
229
953
320
421
523
365
238
438
552
999
830
47
166
217
128
313
1021
105
140
662
72
1000
177
592
997
804
415
304
654
283
924
294
459
30
210
260
888
296
571
33
609
97
341
303
780
182
316
512
368
582
1027
170
349
149
881
504
795
960
578
312
901
436
866
635
429
660
950
324
717
981
71
329
857
461
1042
289
611
430
522
153
220
564
885
998
806
1008
266
218
932
584
298
444
536
750
244
99
672
258
618
370
104
958
722
832
931
876
424
628
676
57
616
487
76
239
821
360
139
770
364
121
995
757
952
840
135
764
748
971
501
917
1020
417
723
418
12
826
724
621
184
920
388
842
382
615
1043
423
961
733
1013
700
643
872
637
109
326
626
6
956
623
710
228
389
56
440
476
1003
195
629
650
640
969
474
494
814
528
232
134
19
989
785
463
277
519
531
850
936
373
175
940
590
499
32
656
269
808
61
976
180
230
1002
824
1041
839
822
563
393
82
69
449
811
335
739
73
484
834
405
803
59
290
147
923
216
591
947
179
36
867
50
939
172
959
816
677
973
758
146
214
935
5
90
760
42
174
979
603
46
545
910
649
574
281
711
978
744
392
738
311
231
735
532
83
154
125
716
328
194
165
25
454
1022
941
279
465
540
747
169
696
74
797
248
678
268
75
653
500
693
507
106
10
87
129
443
293
686
955
707
358
915
767
477
491
227
371
280
906
110
263
202
1038
60
779
943
972
790
1005
895
416
551
777
788
819
81
942
1044
908
446
27
962
288
489
561
983
505
593
706
108
853
993
568
116
14
356
642
345
297
875
372
355
378
583
284
469
844
2
397
433
375
1018
65
317
862
171
471
133
558
332
729
426
1014
506
900
96
211
514
240
163
964
158
478
420
671
79
773
456
183
190
162
890
319
54
823
617
704
695
236
687
659
1040
541
639
496
794
176
605
464
327
396
219
497
719
254
126
400
1017
934
765
445
159
525
434
93
918
655
897
274
573
783
152
698
721
666
276
641
270
385
267
70
534
271
625
658
555
599
127
980
53
215
492
62
537
753
390
841
330
720
612
796
860
193
854
550
413
403
543
235
863
346
221
340
928
111
657
351
614
45
380
575
265
930
992
963
557
439
566
52
486
302
502
1039
967
470
745
896
791
644
101
829
801
197
991
684
161
199
846
386
85
55
150
412
451
398
49
533
503
789
29
249
982
560
916
168
784
516
89
526
905
708
517
646
208
622
447
483
927
685
435
64
131
498
713
755
873
919
431
107
664
985
970
681
411
334
422
490
667
336
1001
792
515
680
482
987
352
858
348
379
113
409
562
697
843
38
645
799
648
535
513
856
630
670
1035
24
251
691
569
702
141
114
