1	0	2	 0.999888	 0.499944
2	1	2	 0.999747	 0.499873
3	2	0	 0.000000	 0.000000
4	3	2	 0.999890	 0.499945
5	4	2	 1.000054	 0.500027
6	5	2	 1.000368	 0.500184
7	6	2	 1.000060	 0.500030
8	7	2	 0.998820	 0.499410
9	8	2	 0.999891	 0.499945
10	9	2	 1.000027	 0.500013
11	10	2	 0.999077	 0.499539
12	11	2	 1.000181	 0.500091
13	12	2	 0.999715	 0.499857
14	13	2	 1.000395	 0.500198
15	14	2	 0.999116	 0.499558
16	15	0	 0.000000	 0.000000
17	16	2	 0.999146	 0.499573
18	17	2	 1.000050	 0.500025
19	18	2	 1.000313	 0.500156
20	19	2	 0.999152	 0.499576
21	20	2	 0.999899	 0.499950
22	21	2	 1.000050	 0.500025
23	22	1	 0.500133	 0.500133
24	23	0	 0.000000	 0.000000
25	24	2	 1.000028	 0.500014
26	25	0	 0.000000	 0.000000
27	26	2	 1.000396	 0.500198
28	27	2	 0.999712	 0.499856
29	28	1	 0.499668	 0.499668
30	29	2	 1.000115	 0.500058
31	30	2	 1.000216	 0.500108
32	31	2	 1.000337	 0.500169
33	32	2	 1.000116	 0.500058
34	33	2	 1.000050	 0.500025
35	34	2	 0.999892	 0.499946
36	35	2	 1.000050	 0.500025
37	36	2	 0.999705	 0.499853
38	37	0	 0.000000	 0.000000
39	38	2	 1.000052	 0.500026
40	39	2	 0.998881	 0.499441
41	40	2	 1.000053	 0.500026
42	41	2	 1.000053	 0.500027
43	42	2	 0.998886	 0.499443
44	43	0	 0.000000	 0.000000
45	44	2	 0.999329	 0.499664
46	45	2	 1.000031	 0.500015
47	46	2	 1.000119	 0.500059
48	47	1	 0.500146	 0.500146
49	48	1	 0.499643	 0.499643
50	49	2	 1.000055	 0.500028
51	50	2	 0.999022	 0.499511
52	51	2	 0.999293	 0.499646
53	52	2	 0.999295	 0.499647
54	53	2	 0.999770	 0.499885
55	54	1	 0.499642	 0.499642
56	55	2	 1.000356	 0.500178
57	56	2	 1.000189	 0.500094
58	57	0	 0.000000	 0.000000
59	58	2	 1.000052	 0.500026
60	59	2	 1.000432	 0.500216
61	60	2	 1.000053	 0.500026
62	61	2	 0.999284	 0.499642
63	62	2	 1.000052	 0.500026
64	63	1	 0.499636	 0.499636
65	64	2	 0.999770	 0.499885
66	65	2	 0.999687	 0.499844
67	66	2	 1.000052	 0.500026
68	67	0	 0.000000	 0.000000
69	68	2	 1.000052	 0.500026
70	69	2	 0.999209	 0.499604
71	70	2	 1.000235	 0.500117
72	71	2	 1.000123	 0.500062
73	72	2	 1.000054	 0.500027
74	73	2	 1.000030	 0.500015
75	74	2	 1.000030	 0.500015
76	75	2	 1.000196	 0.500098
77	76	2	 0.998994	 0.499497
78	77	2	 0.998775	 0.499387
79	78	2	 0.999762	 0.499881
80	79	1	 0.500157	 0.500157
81	80	2	 1.000455	 0.500228
82	81	2	 1.000057	 0.500028
83	82	2	 1.000032	 0.500016
84	83	0	 0.000000	 0.000000
85	84	1	 0.499627	 0.499627
86	85	2	 0.999883	 0.499941
87	86	2	 1.000034	 0.500017
88	87	2	 0.999674	 0.499837
89	88	1	 0.499627	 0.499627
90	89	2	 1.000057	 0.500029
91	90	2	 1.000232	 0.500116
92	91	2	 0.998811	 0.499405
93	92	2	 0.999188	 0.499594
94	93	1	 0.500149	 0.500149
95	94	0	 0.000000	 0.000000
96	95	2	 0.999780	 0.499890
97	96	2	 1.000113	 0.500056
98	97	0	 0.000000	 0.000000
99	98	2	 1.000162	 0.500081
100	99	2	 0.999021	 0.499511
101	100	1	 0.499715	 0.499715
102	101	0	 0.000000	 0.000000
103	102	0	 0.000000	 0.000000
104	103	2	 1.000154	 0.500077
105	104	2	 1.000100	 0.500050
106	105	2	 1.000023	 0.500011
107	106	0	 0.000000	 0.000000
108	107	2	 1.000328	 0.500164
109	108	2	 1.000273	 0.500136
110	109	2	 1.000326	 0.500163
111	110	2	 0.999472	 0.499736
112	111	0	 0.000000	 0.000000
113	112	0	 0.000000	 0.000000
114	113	0	 0.000000	 0.000000
115	114	1	 0.500111	 0.500111
116	115	2	 1.000328	 0.500164
117	116	1	 0.500116	 0.500116
118	117	2	 0.999764	 0.499882
119	118	2	 1.000175	 0.500088
120	119	2	 0.999108	 0.499554
121	120	2	 1.000151	 0.500075
122	121	2	 1.000048	 0.500024
123	122	2	 0.999293	 0.499647
124	123	2	 0.999915	 0.499957
125	124	2	 1.000022	 0.500011
126	125	2	 0.999443	 0.499722
127	126	2	 0.999518	 0.499759
128	127	2	 1.000089	 0.500044
129	128	2	 1.000020	 0.500010
130	129	2	 0.999198	 0.499599
131	130	1	 0.499751	 0.499751
132	131	2	 0.999324	 0.499662
133	132	2	 0.999834	 0.499917
134	133	2	 1.000260	 0.500130
135	134	2	 1.000146	 0.500073
136	135	2	 1.000045	 0.500023
137	136	1	 0.500115	 0.500115
138	137	0	 0.000000	 0.000000
139	138	2	 1.000159	 0.500079
140	139	2	 1.000098	 0.500049
141	140	0	 0.000000	 0.000000
142	141	2	 0.999909	 0.499954
143	142	2	 1.000198	 0.500099
144	143	2	 0.998989	 0.499494
145	144	2	 0.998972	 0.499486
146	145	2	 1.000049	 0.500024
147	146	2	 1.000050	 0.500025
148	147	2	 0.999904	 0.499952
149	148	2	 1.000210	 0.500105
150	149	1	 0.499688	 0.499688
151	150	1	 0.500131	 0.500131
152	151	2	 0.999311	 0.499656
153	152	2	 1.000209	 0.500105
154	153	2	 1.000026	 0.500013
155	154	2	 0.999136	 0.499568
156	155	2	 1.000054	 0.500027
157	156	2	 0.999712	 0.499856
158	157	2	 0.999786	 0.499893
159	158	2	 0.999265	 0.499632
160	159	2	 1.000053	 0.500026
161	160	1	 0.499664	 0.499664
162	161	2	 0.999784	 0.499892
163	162	2	 0.999780	 0.499890
164	163	2	 1.000056	 0.500028
165	164	2	 1.000024	 0.500012
166	165	2	 1.000125	 0.500062
167	166	2	 0.999890	 0.499945
168	167	1	 0.499634	 0.499634
169	168	2	 1.000025	 0.500013
170	169	2	 1.000238	 0.500119
171	170	2	 0.999766	 0.499883
172	171	2	 1.000047	 0.500023
173	172	2	 0.999885	 0.499942
174	173	2	 1.000047	 0.500024
175	174	2	 1.000366	 0.500183
176	175	2	 0.999180	 0.499590
177	176	2	 1.000130	 0.500065
178	177	2	 1.000059	 0.500030
179	178	2	 1.000051	 0.500025
180	179	2	 1.000050	 0.500025
181	180	0	 0.000000	 0.000000
182	181	2	 1.000245	 0.500122
183	182	2	 0.999762	 0.499881
184	183	2	 1.000201	 0.500100
185	184	1	 0.500160	 0.500160
186	185	2	 1.000254	 0.500127
187	186	0	 0.000000	 0.000000
188	187	2	 1.000060	 0.500030
189	188	1	 0.500161	 0.500161
190	189	2	 0.999756	 0.499878
191	190	0	 0.000000	 0.000000
192	191	2	 1.000134	 0.500067
193	192	2	 0.999244	 0.499622
194	193	2	 1.000027	 0.500013
195	194	2	 1.000373	 0.500187
196	195	2	 1.000257	 0.500128
197	196	1	 0.499610	 0.499610
198	197	2	 0.999660	 0.499830
199	198	1	 0.499608	 0.499608
200	199	2	 0.999877	 0.499938
201	200	2	 1.000055	 0.500028
202	201	2	 1.000472	 0.500236
203	202	2	 0.999878	 0.499939
204	203	2	 1.000054	 0.500027
205	204	2	 0.998722	 0.499361
206	205	2	 0.998945	 0.499473
207	206	2	 0.999876	 0.499938
208	207	1	 0.499608	 0.499608
209	208	2	 1.000132	 0.500066
210	209	2	 1.000132	 0.500066
211	210	2	 0.999753	 0.499876
212	211	2	 1.000057	 0.500028
213	212	0	 0.000000	 0.000000
214	213	2	 1.000056	 0.500028
215	214	2	 0.999232	 0.499616
216	215	2	 1.000057	 0.500028
217	216	2	 1.000134	 0.500067
218	217	2	 1.000256	 0.500128
219	218	2	 0.999141	 0.499570
220	219	2	 1.000255	 0.500127
221	220	2	 0.999226	 0.499613
222	221	0	 0.000000	 0.000000
223	222	2	 0.999654	 0.499827
224	223	0	 0.000000	 0.000000
225	224	2	 0.999874	 0.499937
226	225	1	 0.500164	 0.500164
227	226	2	 1.000478	 0.500239
228	227	2	 1.000395	 0.500198
229	228	2	 1.000135	 0.500067
230	229	2	 1.000057	 0.500029
231	230	2	 1.000031	 0.500016
232	231	2	 1.000392	 0.500196
233	232	2	 0.998704	 0.499352
234	233	1	 0.500167	 0.500167
235	234	2	 0.999216	 0.499608
236	235	2	 0.999123	 0.499562
237	236	2	 0.998709	 0.499354
238	237	2	 1.000134	 0.500067
239	238	2	 1.000207	 0.500103
240	239	2	 0.999749	 0.499875
241	240	1	 0.500168	 0.500168
242	241	2	 0.999876	 0.499938
243	242	2	 0.999876	 0.499938
244	243	2	 1.000206	 0.500103
245	244	0	 0.000000	 0.000000
246	245	0	 0.000000	 0.000000
247	246	2	 0.998743	 0.499371
248	247	2	 1.000027	 0.500013
249	248	1	 0.499610	 0.499610
250	249	2	 0.999884	 0.499942
251	250	0	 0.000000	 0.000000
252	251	2	 1.000254	 0.500127
253	252	2	 1.000254	 0.500127
254	253	2	 0.999175	 0.499588
255	254	2	 0.999886	 0.499943
256	255	0	 0.000000	 0.000000
257	256	2	 0.998779	 0.499390
258	257	2	 1.000185	 0.500092
259	258	2	 0.998993	 0.499497
260	259	2	 1.000130	 0.500065
261	260	0	 0.000000	 0.000000
262	261	2	 0.999680	 0.499840
263	262	2	 1.000445	 0.500223
264	263	1	 0.500157	 0.500157
265	264	2	 0.999268	 0.499634
266	265	2	 1.000236	 0.500118
267	266	2	 0.999190	 0.499595
268	267	2	 1.000019	 0.500010
269	268	2	 1.000042	 0.500021
270	269	2	 0.999199	 0.499599
271	270	2	 0.999224	 0.499612
272	271	2	 0.998829	 0.499415
273	272	2	 0.999019	 0.499509
274	273	2	 0.999194	 0.499597
275	274	0	 0.000000	 0.000000
276	275	2	 0.999209	 0.499605
277	276	2	 1.000356	 0.500178
278	277	2	 0.999027	 0.499513
279	278	2	 1.000031	 0.500015
280	279	2	 1.000429	 0.500215
281	280	2	 1.000030	 0.500015
282	281	2	 0.999039	 0.499520
283	282	2	 1.000129	 0.500064
284	283	2	 0.999766	 0.499883
285	284	2	 0.999033	 0.499517
286	285	2	 1.000241	 0.500121
287	286	0	 0.000000	 0.000000
288	287	2	 1.000423	 0.500211
289	288	2	 1.000231	 0.500115
290	289	2	 1.000046	 0.500023
291	290	2	 0.999698	 0.499849
292	291	0	 0.000000	 0.000000
293	292	2	 1.000025	 0.500013
294	293	2	 1.000128	 0.500064
295	294	2	 0.999085	 0.499543
296	295	2	 1.000119	 0.500059
297	296	2	 0.999793	 0.499896
298	297	2	 1.000218	 0.500109
299	298	2	 0.999714	 0.499857
300	299	0	 0.000000	 0.000000
301	300	2	 0.999892	 0.499946
302	301	2	 0.999359	 0.499680
303	302	2	 1.000223	 0.500111
304	303	2	 1.000115	 0.500058
305	304	2	 1.000213	 0.500106
306	305	2	 0.999137	 0.499568
307	306	2	 0.999747	 0.499873
308	307	0	 0.000000	 0.000000
309	308	0	 0.000000	 0.000000
310	309	2	 0.999902	 0.499951
311	310	2	 1.000027	 0.500014
312	311	2	 1.000205	 0.500103
313	312	2	 1.000103	 0.500052
314	313	2	 0.999193	 0.499596
315	314	1	 0.500126	 0.500126
316	315	2	 1.000209	 0.500105
317	316	2	 0.999799	 0.499900
318	317	2	 0.999902	 0.499951
319	318	2	 0.999811	 0.499906
320	319	2	 1.000104	 0.500052
321	320	0	 0.000000	 0.000000
322	321	2	 0.999220	 0.499610
323	322	0	 0.000000	 0.000000
324	323	2	 1.000200	 0.500100
325	324	2	 0.999018	 0.499509
326	325	2	 1.000295	 0.500147
327	326	2	 0.999286	 0.499643
328	327	2	 1.000021	 0.500010
329	328	2	 1.000201	 0.500100
330	329	2	 0.999381	 0.499690
331	330	2	 1.000213	 0.500107
332	331	2	 0.999794	 0.499897
333	332	2	 0.999177	 0.499588
334	333	0	 0.000000	 0.000000
335	334	2	 1.000039	 0.500020
336	335	0	 0.000000	 0.000000
337	336	2	 0.999744	 0.499872
338	337	2	 1.000056	 0.500028
339	338	2	 0.999180	 0.499590
340	339	2	 0.999411	 0.499706
341	340	2	 1.000114	 0.500057
342	341	0	 0.000000	 0.000000
343	342	0	 0.000000	 0.000000
344	343	2	 1.000057	 0.500028
345	344	2	 0.999785	 0.499893
346	345	2	 0.999369	 0.499684
347	346	0	 0.000000	 0.000000
348	347	0	 0.000000	 0.000000
349	348	2	 1.000223	 0.500111
350	349	2	 0.999896	 0.499948
351	350	2	 0.999356	 0.499678
352	351	0	 0.000000	 0.000000
353	352	0	 0.000000	 0.000000
354	353	0	 0.000000	 0.000000
355	354	2	 0.999789	 0.499895
356	355	2	 1.000398	 0.500199
357	356	2	 1.000217	 0.500108
358	357	2	 1.000401	 0.500201
359	358	1	 0.500140	 0.500140
360	359	2	 1.000193	 0.500097
361	360	2	 1.000055	 0.500027
362	361	2	 0.999707	 0.499854
363	362	0	 0.000000	 0.000000
364	363	2	 1.000195	 0.500097
365	364	2	 1.000124	 0.500062
366	365	0	 0.000000	 0.000000
367	366	2	 1.000217	 0.500108
368	367	2	 1.000238	 0.500119
369	368	2	 0.999701	 0.499850
370	369	2	 1.000198	 0.500099
371	370	2	 1.000413	 0.500206
372	371	2	 0.999776	 0.499888
373	372	2	 1.000347	 0.500173
374	373	2	 0.999711	 0.499856
375	374	2	 0.999785	 0.499893
376	375	2	 1.000054	 0.500027
377	376	2	 1.000119	 0.500060
378	377	2	 0.999792	 0.499896
379	378	0	 0.000000	 0.000000
380	379	2	 0.999370	 0.499685
381	380	2	 0.999891	 0.499945
382	381	2	 1.000193	 0.500097
383	382	0	 0.000000	 0.000000
384	383	2	 0.999694	 0.499847
385	384	2	 0.999245	 0.499623
386	385	1	 0.499668	 0.499668
387	386	2	 1.000217	 0.500108
388	387	2	 1.000195	 0.500098
389	388	2	 1.000347	 0.500173
390	389	2	 0.999356	 0.499678
391	390	0	 0.000000	 0.000000
392	391	2	 1.000037	 0.500018
393	392	2	 1.000064	 0.500032
394	393	2	 1.000050	 0.500025
395	394	1	 0.500135	 0.500135
396	395	2	 0.999284	 0.499642
397	396	2	 0.999796	 0.499898
398	397	1	 0.499685	 0.499685
399	398	0	 0.000000	 0.000000
400	399	2	 0.999296	 0.499648
401	400	2	 0.999888	 0.499944
402	401	2	 0.998953	 0.499476
403	402	2	 0.999390	 0.499695
404	403	2	 1.000044	 0.500022
405	404	2	 1.000060	 0.500030
406	405	2	 0.998934	 0.499467
407	406	0	 0.000000	 0.000000
408	407	0	 0.000000	 0.000000
409	408	0	 0.000000	 0.000000
410	409	0	 0.000000	 0.000000
411	410	0	 0.000000	 0.000000
412	411	1	 0.499639	 0.499639
413	412	2	 0.999286	 0.499643
414	413	2	 0.998788	 0.499394
415	414	2	 1.000137	 0.500069
416	415	2	 1.000459	 0.500230
417	416	2	 1.000207	 0.500104
418	417	2	 1.000207	 0.500103
419	418	2	 1.000256	 0.500128
420	419	2	 0.999744	 0.499872
421	420	2	 1.000146	 0.500073
422	421	0	 0.000000	 0.000000
423	422	2	 1.000386	 0.500193
424	423	2	 1.000215	 0.500107
425	424	2	 0.998699	 0.499349
426	425	2	 0.999742	 0.499871
427	426	0	 0.000000	 0.000000
428	427	0	 0.000000	 0.000000
429	428	2	 1.000272	 0.500136
430	429	2	 1.000277	 0.500138
431	430	0	 0.000000	 0.000000
432	431	2	 0.998886	 0.499443
433	432	2	 0.999736	 0.499868
434	433	2	 0.999092	 0.499546
435	434	1	 0.499584	 0.499584
436	435	2	 1.000286	 0.500143
437	436	2	 0.998616	 0.499308
438	437	2	 1.000152	 0.500076
439	438	2	 0.999163	 0.499582
440	439	2	 1.000430	 0.500215
441	440	2	 0.998611	 0.499306
442	441	0	 0.000000	 0.000000
443	442	2	 1.000030	 0.500015
444	443	2	 1.000280	 0.500140
445	444	2	 0.999071	 0.499536
446	445	2	 1.000504	 0.500252
447	446	1	 0.499575	 0.499575
448	447	0	 0.000000	 0.000000
449	448	2	 1.000062	 0.500031
450	449	2	 1.000280	 0.500140
451	450	1	 0.499579	 0.499579
452	451	2	 1.000068	 0.500034
453	452	2	 1.000067	 0.500034
454	453	2	 1.000031	 0.500016
455	454	0	 0.000000	 0.000000
456	455	2	 0.999727	 0.499863
457	456	2	 0.999634	 0.499817
458	457	2	 0.998858	 0.499429
459	458	2	 1.000149	 0.500074
460	459	2	 0.998855	 0.499427
461	460	2	 1.000281	 0.500140
462	461	2	 0.999634	 0.499817
463	462	2	 1.000420	 0.500210
464	463	2	 0.999075	 0.499537
465	464	2	 1.000033	 0.500016
466	465	1	 0.500175	 0.500175
467	466	2	 1.000272	 0.500136
468	467	2	 0.999637	 0.499818
469	468	2	 0.999732	 0.499866
470	469	2	 0.999185	 0.499592
471	470	2	 0.999733	 0.499866
472	471	2	 0.999866	 0.499933
473	472	2	 0.999639	 0.499820
474	473	2	 1.000422	 0.500211
475	474	2	 0.998869	 0.499434
476	475	2	 1.000422	 0.500211
477	476	2	 1.000499	 0.500249
478	477	2	 0.999736	 0.499868
479	478	0	 0.000000	 0.000000
480	479	2	 0.999643	 0.499822
481	480	2	 0.998679	 0.499339
482	481	0	 0.000000	 0.000000
483	482	1	 0.499599	 0.499599
484	483	2	 1.000063	 0.500032
485	484	2	 1.000256	 0.500128
486	485	2	 0.999225	 0.499612
487	486	2	 1.000222	 0.500111
488	487	2	 1.000260	 0.500130
489	488	2	 1.000490	 0.500245
490	489	0	 0.000000	 0.000000
491	490	2	 1.000493	 0.500246
492	491	2	 0.999198	 0.499599
493	492	2	 0.998651	 0.499325
494	493	2	 1.000417	 0.500208
495	494	2	 1.000266	 0.500133
496	495	2	 0.999098	 0.499549
497	496	2	 0.999100	 0.499550
498	497	1	 0.499591	 0.499591
499	498	2	 1.000416	 0.500208
500	499	2	 1.000032	 0.500016
501	500	2	 1.000228	 0.500114
502	501	2	 0.999208	 0.499604
503	502	1	 0.499595	 0.499595
504	503	2	 1.000273	 0.500136
505	504	2	 1.000484	 0.500242
506	505	2	 0.999741	 0.499870
507	506	2	 1.000028	 0.500014
508	507	2	 1.000074	 0.500037
509	508	2	 0.998710	 0.499355
510	509	2	 1.000259	 0.500130
511	510	2	 1.000259	 0.500129
512	511	2	 1.000264	 0.500132
513	512	0	 0.000000	 0.000000
514	513	2	 0.999747	 0.499874
515	514	0	 0.000000	 0.000000
516	515	1	 0.499605	 0.499605
517	516	1	 0.499604	 0.499604
518	517	2	 1.000260	 0.500130
519	518	2	 1.000387	 0.500193
520	519	2	 1.000073	 0.500036
521	520	2	 1.000073	 0.500036
522	521	2	 1.000260	 0.500130
523	522	2	 1.000143	 0.500071
524	523	2	 0.998726	 0.499363
525	524	2	 0.999142	 0.499571
526	525	1	 0.499609	 0.499609
527	526	2	 1.000070	 0.500035
528	527	2	 1.000388	 0.500194
529	528	0	 0.000000	 0.000000
530	529	2	 0.998958	 0.499479
531	530	2	 1.000384	 0.500192
532	531	2	 1.000028	 0.500014
533	532	1	 0.499613	 0.499613
534	533	2	 0.999157	 0.499579
535	534	0	 0.000000	 0.000000
536	535	2	 1.000254	 0.500127
537	536	2	 0.999254	 0.499627
538	537	2	 1.000067	 0.500034
539	538	2	 1.000248	 0.500124
540	539	2	 1.000029	 0.500014
541	540	2	 0.999179	 0.499589
542	541	0	 0.000000	 0.000000
543	542	2	 0.999256	 0.499628
544	543	1	 0.500161	 0.500161
545	544	2	 1.000028	 0.500014
546	545	0	 0.000000	 0.000000
547	546	2	 0.998748	 0.499374
548	547	0	 0.000000	 0.000000
549	548	2	 0.998753	 0.499377
550	549	2	 0.999251	 0.499625
551	550	2	 1.000464	 0.500232
552	551	2	 1.000141	 0.500070
553	552	2	 1.000250	 0.500125
554	553	2	 0.998738	 0.499369
555	554	2	 0.999145	 0.499572
556	555	0	 0.000000	 0.000000
557	556	2	 0.999242	 0.499621
558	557	2	 0.999751	 0.499875
559	558	2	 0.999668	 0.499834
560	559	1	 0.499614	 0.499614
561	560	2	 1.000459	 0.500229
562	561	0	 0.000000	 0.000000
563	562	2	 1.000055	 0.500027
564	563	2	 1.000253	 0.500126
565	564	0	 0.000000	 0.000000
566	565	2	 0.999263	 0.499632
567	566	2	 0.999883	 0.499941
568	567	2	 1.000456	 0.500228
569	568	0	 0.000000	 0.000000
570	569	2	 0.999674	 0.499837
571	570	2	 1.000140	 0.500070
572	571	0	 0.000000	 0.000000
573	572	2	 0.999159	 0.499579
574	573	2	 1.000025	 0.500012
575	574	2	 0.999248	 0.499624
576	575	2	 0.998974	 0.499487
577	576	2	 0.998758	 0.499379
578	577	2	 1.000253	 0.500126
579	578	1	 0.500161	 0.500161
580	579	0	 0.000000	 0.000000
581	580	2	 0.999885	 0.499943
582	581	2	 1.000250	 0.500125
583	582	2	 0.999756	 0.499878
584	583	2	 1.000249	 0.500124
585	584	2	 0.999678	 0.499839
586	585	2	 1.000141	 0.500070
587	586	0	 0.000000	 0.000000
588	587	2	 0.999885	 0.499943
589	588	2	 1.000070	 0.500035
590	589	2	 1.000373	 0.500186
591	590	2	 1.000050	 0.500025
592	591	2	 1.000141	 0.500071
593	592	2	 1.000458	 0.500229
594	593	0	 0.000000	 0.000000
595	594	0	 0.000000	 0.000000
596	595	2	 1.000070	 0.500035
597	596	2	 0.999672	 0.499836
598	597	2	 1.000072	 0.500036
599	598	2	 0.999158	 0.499579
600	599	0	 0.000000	 0.000000
601	600	2	 1.000070	 0.500035
602	601	2	 0.999671	 0.499836
603	602	2	 1.000025	 0.500013
604	603	2	 1.000069	 0.500034
605	604	2	 0.999157	 0.499579
606	605	2	 0.998969	 0.499485
607	606	0	 0.000000	 0.000000
608	607	0	 0.000000	 0.000000
609	608	2	 1.000141	 0.500071
610	609	1	 0.500161	 0.500161
611	610	2	 1.000255	 0.500128
612	611	2	 0.999242	 0.499621
613	612	0	 0.000000	 0.000000
614	613	2	 0.999241	 0.499621
615	614	2	 1.000383	 0.500192
616	615	2	 1.000207	 0.500104
617	616	2	 0.999752	 0.499876
618	617	2	 1.000205	 0.500102
619	618	2	 1.000254	 0.500127
620	619	2	 0.998731	 0.499366
621	620	2	 1.000209	 0.500105
622	621	1	 0.499608	 0.499608
623	622	2	 1.000389	 0.500194
624	623	2	 0.998956	 0.499478
625	624	2	 0.999150	 0.499575
626	625	2	 1.000388	 0.500194
627	626	0	 0.000000	 0.000000
628	627	2	 1.000208	 0.500104
629	628	2	 1.000385	 0.500192
630	629	0	 0.000000	 0.000000
631	630	2	 1.000249	 0.500124
632	631	0	 0.000000	 0.000000
633	632	2	 1.000252	 0.500126
634	633	2	 0.998959	 0.499479
635	634	2	 1.000258	 0.500129
636	635	2	 0.998734	 0.499367
637	636	2	 1.000387	 0.500194
638	637	2	 0.999669	 0.499835
639	638	2	 0.999149	 0.499575
640	639	2	 1.000387	 0.500194
641	640	2	 0.999151	 0.499575
642	641	2	 1.000463	 0.500231
643	642	2	 1.000386	 0.500193
644	643	1	 0.499616	 0.499616
645	644	0	 0.000000	 0.000000
646	645	1	 0.499618	 0.499618
647	646	2	 1.000139	 0.500069
648	647	0	 0.000000	 0.000000
649	648	2	 1.000029	 0.500014
650	649	2	 1.000382	 0.500191
651	650	0	 0.000000	 0.000000
652	651	0	 0.000000	 0.000000
653	652	2	 1.000030	 0.500015
654	653	2	 1.000136	 0.500068
655	654	2	 0.999177	 0.499588
656	655	2	 1.000379	 0.500189
657	656	2	 0.999262	 0.499631
658	657	2	 0.999167	 0.499584
659	658	2	 0.999167	 0.499584
660	659	2	 1.000259	 0.500129
661	660	0	 0.000000	 0.000000
662	661	2	 1.000140	 0.500070
663	662	2	 0.998743	 0.499372
664	663	0	 0.000000	 0.000000
665	664	2	 0.998758	 0.499379
666	665	2	 0.999169	 0.499584
667	666	0	 0.000000	 0.000000
668	667	0	 0.000000	 0.000000
669	668	0	 0.000000	 0.000000
670	669	0	 0.000000	 0.000000
671	670	2	 0.999755	 0.499877
672	671	2	 1.000215	 0.500108
673	672	2	 0.998975	 0.499488
674	673	2	 1.000068	 0.500034
675	674	2	 0.999878	 0.499939
676	675	2	 1.000214	 0.500107
677	676	2	 1.000062	 0.500031
678	677	2	 1.000032	 0.500016
679	678	2	 0.999675	 0.499837
680	679	0	 0.000000	 0.000000
681	680	0	 0.000000	 0.000000
682	681	2	 0.998753	 0.499377
683	682	2	 0.998976	 0.499488
684	683	1	 0.499625	 0.499625
685	684	1	 0.499622	 0.499622
686	685	2	 1.000463	 0.500231
687	686	2	 0.999156	 0.499578
688	687	2	 0.998984	 0.499492
689	688	2	 0.999879	 0.499940
690	689	2	 0.998753	 0.499377
691	690	0	 0.000000	 0.000000
692	691	2	 1.000066	 0.500033
693	692	2	 1.000032	 0.500016
694	693	1	 0.500160	 0.500160
695	694	2	 0.999161	 0.499581
696	695	2	 1.000033	 0.500017
697	696	0	 0.000000	 0.000000
698	697	2	 0.999159	 0.499580
699	698	2	 1.000245	 0.500122
700	699	2	 1.000386	 0.500193
701	700	2	 0.999878	 0.499939
702	701	0	 0.000000	 0.000000
703	702	2	 0.999670	 0.499835
704	703	2	 0.999755	 0.499877
705	704	2	 0.999667	 0.499834
706	705	2	 1.000464	 0.500232
707	706	2	 1.000462	 0.500231
708	707	1	 0.499617	 0.499617
709	708	2	 0.998748	 0.499374
710	709	2	 1.000387	 0.500193
711	710	2	 1.000032	 0.500016
712	711	0	 0.000000	 0.000000
713	712	1	 0.499618	 0.499618
714	713	2	 0.999669	 0.499834
715	714	2	 0.998972	 0.499486
716	715	2	 1.000032	 0.500016
717	716	2	 1.000253	 0.500127
718	717	0	 0.000000	 0.000000
719	718	2	 0.999157	 0.499579
720	719	2	 0.999248	 0.499624
721	720	2	 0.999163	 0.499581
722	721	2	 1.000214	 0.500107
723	722	2	 1.000214	 0.500107
724	723	2	 1.000216	 0.500108
725	724	2	 0.999662	 0.499831
726	725	2	 1.000252	 0.500126
727	726	2	 1.000062	 0.500031
728	727	2	 0.999660	 0.499830
729	728	2	 0.999746	 0.499873
730	729	2	 1.000254	 0.500127
731	730	0	 0.000000	 0.000000
732	731	1	 0.500164	 0.500164
733	732	2	 1.000397	 0.500199
734	733	2	 0.998719	 0.499360
735	734	2	 1.000034	 0.500017
736	735	2	 1.000253	 0.500127
737	736	2	 0.998940	 0.499470
738	737	2	 1.000033	 0.500017
739	738	2	 1.000063	 0.500032
740	739	1	 0.500163	 0.500163
741	740	2	 1.000063	 0.500032
742	741	2	 1.000063	 0.500032
743	742	0	 0.000000	 0.000000
744	743	2	 1.000035	 0.500018
745	744	2	 0.999227	 0.499614
746	745	2	 0.998943	 0.499472
747	746	2	 1.000034	 0.500017
748	747	2	 1.000219	 0.500110
749	748	2	 0.999873	 0.499937
750	749	2	 1.000221	 0.500110
751	750	0	 0.000000	 0.000000
752	751	2	 0.998927	 0.499464
753	752	2	 0.999228	 0.499614
754	753	2	 0.999872	 0.499936
755	754	1	 0.499606	 0.499606
756	755	0	 0.000000	 0.000000
757	756	2	 1.000217	 0.500108
758	757	2	 1.000064	 0.500032
759	758	2	 1.000061	 0.500030
760	759	2	 1.000062	 0.500031
761	760	2	 0.998939	 0.499470
762	761	1	 0.500164	 0.500164
763	762	1	 0.500162	 0.500162
764	763	2	 1.000217	 0.500109
765	764	2	 0.999136	 0.499568
766	765	2	 0.999658	 0.499829
767	766	2	 1.000479	 0.500240
768	767	2	 1.000140	 0.500070
769	768	0	 0.000000	 0.000000
770	769	2	 1.000217	 0.500108
771	770	2	 0.998695	 0.499348
772	771	1	 0.500165	 0.500165
773	772	2	 0.999747	 0.499873
774	773	2	 1.000259	 0.500129
775	774	1	 0.500166	 0.500166
776	775	2	 0.999662	 0.499831
777	776	2	 1.000474	 0.500237
778	777	2	 0.999878	 0.499939
779	778	2	 1.000473	 0.500237
780	779	2	 1.000260	 0.500130
781	780	2	 1.000069	 0.500035
782	781	2	 0.998938	 0.499469
783	782	2	 0.999127	 0.499564
784	783	1	 0.499603	 0.499603
785	784	2	 1.000395	 0.500198
786	785	2	 1.000258	 0.500129
787	786	2	 1.000257	 0.500129
788	787	2	 1.000466	 0.500233
789	788	1	 0.499609	 0.499609
790	789	2	 1.000468	 0.500234
791	790	1	 0.499608	 0.499608
792	791	0	 0.000000	 0.000000
793	792	2	 0.999664	 0.499832
794	793	2	 0.999134	 0.499567
795	794	2	 1.000264	 0.500132
796	795	2	 0.999226	 0.499613
797	796	2	 1.000031	 0.500015
798	797	0	 0.000000	 0.000000
799	798	0	 0.000000	 0.000000
800	799	2	 1.000258	 0.500129
801	800	1	 0.499601	 0.499601
802	801	1	 0.500168	 0.500168
803	802	2	 1.000060	 0.500030
804	803	2	 1.000146	 0.500073
805	804	1	 0.500168	 0.500168
806	805	2	 1.000267	 0.500134
807	806	2	 0.998696	 0.499348
808	807	2	 1.000062	 0.500031
809	808	2	 0.998928	 0.499464
810	809	1	 0.500167	 0.500167
811	810	2	 1.000063	 0.500032
812	811	1	 0.500164	 0.500164
813	812	2	 0.999878	 0.499939
814	813	2	 1.000390	 0.500195
815	814	2	 1.000254	 0.500127
816	815	2	 1.000059	 0.500030
817	816	0	 0.000000	 0.000000
818	817	1	 0.500165	 0.500165
819	818	2	 1.000473	 0.500237
820	819	2	 1.000255	 0.500128
821	820	2	 1.000213	 0.500107
822	821	2	 1.000061	 0.500030
823	822	2	 0.999748	 0.499874
824	823	2	 1.000059	 0.500030
825	824	2	 0.998729	 0.499365
826	825	2	 1.000211	 0.500106
827	826	2	 0.999880	 0.499940
828	827	2	 0.998951	 0.499476
829	828	1	 0.499618	 0.499618
830	829	2	 1.000139	 0.500069
831	830	2	 0.998745	 0.499372
832	831	2	 1.000202	 0.500101
833	832	2	 0.999886	 0.499943
834	833	2	 1.000052	 0.500026
835	834	1	 0.500159	 0.500159
836	835	2	 1.000061	 0.500031
837	836	0	 0.000000	 0.000000
838	837	2	 0.999664	 0.499832
839	838	2	 1.000055	 0.500027
840	839	2	 1.000213	 0.500107
841	840	2	 0.999221	 0.499611
842	841	2	 1.000216	 0.500108
843	842	0	 0.000000	 0.000000
844	843	2	 0.999747	 0.499874
845	844	2	 0.998909	 0.499455
846	845	1	 0.499592	 0.499592
847	846	2	 0.998723	 0.499362
848	847	2	 0.998929	 0.499464
849	848	2	 0.998684	 0.499342
850	849	2	 1.000384	 0.500192
851	850	1	 0.500171	 0.500171
852	851	2	 0.999656	 0.499828
853	852	2	 1.000488	 0.500244
854	853	2	 0.999175	 0.499587
855	854	1	 0.500176	 0.500176
856	855	0	 0.000000	 0.000000
857	856	2	 1.000269	 0.500134
858	857	0	 0.000000	 0.000000
859	858	0	 0.000000	 0.000000
860	859	2	 0.999177	 0.499588
861	860	0	 0.000000	 0.000000
862	861	2	 0.999728	 0.499864
863	862	2	 0.999166	 0.499583
864	863	1	 0.500181	 0.500181
865	864	2	 1.000153	 0.500076
866	865	2	 1.000292	 0.500146
867	866	2	 1.000061	 0.500030
868	867	2	 0.998806	 0.499403
869	868	2	 0.999868	 0.499934
870	869	2	 1.000295	 0.500148
871	870	1	 0.500185	 0.500185
872	871	2	 1.000430	 0.500215
873	872	1	 0.499554	 0.499554
874	873	2	 0.999864	 0.499932
875	874	2	 0.999719	 0.499860
876	875	2	 1.000229	 0.500115
877	876	1	 0.500180	 0.500180
878	877	1	 0.500180	 0.500180
879	878	2	 0.998843	 0.499422
880	879	2	 1.000283	 0.500142
881	880	2	 1.000270	 0.500135
882	881	2	 0.998838	 0.499419
883	882	2	 0.998845	 0.499423
884	883	0	 0.000000	 0.000000
885	884	2	 1.000271	 0.500136
886	885	2	 1.000294	 0.500147
887	886	2	 0.998607	 0.499303
888	887	2	 1.000140	 0.500070
889	888	2	 0.999630	 0.499815
890	889	2	 0.999724	 0.499862
891	890	2	 0.999869	 0.499934
892	891	2	 0.999612	 0.499806
893	892	0	 0.000000	 0.000000
894	893	2	 0.998560	 0.499280
895	894	2	 1.000527	 0.500263
896	895	2	 0.999130	 0.499565
897	896	2	 0.999025	 0.499512
898	897	0	 0.000000	 0.000000
899	898	2	 0.999609	 0.499805
900	899	2	 0.999728	 0.499864
901	900	2	 1.000269	 0.500134
902	901	1	 0.500176	 0.500176
903	902	1	 0.500183	 0.500183
904	903	2	 1.000295	 0.500148
905	904	1	 0.499558	 0.499558
906	905	2	 1.000518	 0.500259
907	906	2	 0.999634	 0.499817
908	907	2	 1.000493	 0.500247
909	908	2	 1.000269	 0.500135
910	909	2	 1.000023	 0.500011
911	910	2	 1.000062	 0.500031
912	911	2	 0.999893	 0.499947
913	912	2	 0.999899	 0.499949
914	913	2	 1.000222	 0.500111
915	914	2	 1.000376	 0.500188
916	915	1	 0.499701	 0.499701
917	916	2	 1.000152	 0.500076
918	917	2	 0.999398	 0.499699
919	918	1	 0.499729	 0.499729
920	919	2	 1.000135	 0.500068
921	920	2	 0.999761	 0.499880
922	921	2	 0.999107	 0.499553
923	922	2	 1.000044	 0.500022
924	923	2	 1.000083	 0.500041
925	924	1	 0.500111	 0.500111
926	925	2	 1.000168	 0.500084
927	926	1	 0.499719	 0.499719
928	927	2	 0.999452	 0.499726
929	928	2	 0.999115	 0.499558
930	929	2	 0.999455	 0.499728
931	930	2	 1.000151	 0.500075
932	931	2	 1.000185	 0.500092
933	932	0	 0.000000	 0.000000
934	933	2	 0.999333	 0.499667
935	934	2	 1.000035	 0.500018
936	935	2	 1.000293	 0.500146
937	936	2	 0.999181	 0.499591
938	937	2	 0.999072	 0.499536
939	938	2	 1.000041	 0.500020
940	939	2	 1.000720	 0.500360
941	940	2	 1.000025	 0.500013
942	941	2	 1.000934	 0.500467
943	942	2	 1.000938	 0.500469
944	943	2	 1.000593	 0.500296
945	944	0	 0.000000	 0.000000
946	945	0	 0.000000	 0.000000
947	946	2	 1.000069	 0.500035
948	947	0	 0.000000	 0.000000
949	948	0	 0.000000	 0.000000
950	949	2	 1.000520	 0.500260
951	950	2	 1.000593	 0.500297
952	951	2	 1.000386	 0.500193
953	952	2	 1.000284	 0.500142
954	953	2	 1.000595	 0.500297
955	954	2	 1.001004	 0.500502
956	955	2	 1.000776	 0.500388
957	956	0	 0.000000	 0.000000
958	957	2	 1.000643	 0.500321
959	958	2	 1.000346	 0.500173
960	959	2	 1.000607	 0.500304
961	960	2	 1.000910	 0.500455
962	961	2	 1.000805	 0.500402
963	962	2	 0.998763	 0.499382
964	963	2	 0.999444	 0.499722
965	964	0	 0.000000	 0.000000
966	965	0	 0.000000	 0.000000
967	966	2	 0.998437	 0.499219
968	967	1	 0.500352	 0.500352
969	968	2	 1.001087	 0.500543
970	969	0	 0.000000	 0.000000
971	970	2	 1.000714	 0.500357
972	971	2	 1.001082	 0.500541
973	972	2	 1.000346	 0.500173
974	973	1	 0.500355	 0.500355
975	974	1	 0.500374	 0.500374
976	975	2	 1.000334	 0.500167
977	976	2	 1.000396	 0.500198
978	977	2	 1.000179	 0.500089
979	978	2	 1.000178	 0.500089
980	979	2	 0.998418	 0.499209
981	980	2	 1.000761	 0.500380
982	981	1	 0.499209	 0.499209
983	982	2	 1.001085	 0.500543
984	983	2	 0.999735	 0.499868
985	984	0	 0.000000	 0.000000
986	985	2	 0.999736	 0.499868
987	986	0	 0.000000	 0.000000
988	987	2	 0.999732	 0.499866
989	988	2	 1.001095	 0.500548
990	989	0	 0.000000	 0.000000
991	990	1	 0.499084	 0.499084
992	991	2	 0.998177	 0.499089
993	992	2	 1.001117	 0.500558
994	993	2	 0.999254	 0.499627
995	994	2	 1.000705	 0.500353
996	995	1	 0.500429	 0.500429
997	996	2	 1.000592	 0.500296
998	997	2	 1.000863	 0.500432
999	998	2	 1.000599	 0.500299
1000	999	2	 1.000614	 0.500307
1001	1000	0	 0.000000	 0.000000
1002	1001	2	 1.000228	 0.500114
1003	1002	2	 1.001165	 0.500582
1004	1003	2	 1.000488	 0.500244
1005	1004	2	 1.001192	 0.500596
1006	1005	2	 0.999729	 0.499865
1007	1006	2	 0.999247	 0.499623
1008	1007	2	 1.000858	 0.500429
1009	1008	2	 0.997237	 0.498618
1010	1009	2	 1.000487	 0.500243
1011	1010	0	 0.000000	 0.000000
1012	1011	2	 1.000642	 0.500321
1013	1012	2	 1.001163	 0.500582
1014	1013	2	 0.999239	 0.499619
1015	1014	2	 0.999225	 0.499612
1016	1015	2	 0.999729	 0.499864
1017	1016	2	 0.997656	 0.498828
1018	1017	2	 0.999230	 0.499615
1019	1018	2	 1.000636	 0.500318
1020	1019	2	 1.000734	 0.500367
1021	1020	2	 1.000614	 0.500307
1022	1021	2	 1.000056	 0.500028
1023	1022	2	 1.000505	 0.500253
1024	1023	2	 0.997264	 0.498632
1025	1024	2	 0.999214	 0.499607
1026	1025	2	 0.999731	 0.499866
1027	1026	2	 1.000855	 0.500427
1028	1027	0	 0.000000	 0.000000
1029	1028	0	 0.000000	 0.000000
1030	1029	2	 1.000492	 0.500246
1031	1030	2	 0.999227	 0.499613
1032	1031	2	 0.999726	 0.499863
1033	1032	0	 0.000000	 0.000000
1034	1033	1	 0.500462	 0.500462
1035	1034	0	 0.000000	 0.000000
1036	1035	1	 0.500449	 0.500449
1037	1036	1	 0.500442	 0.500442
1038	1037	2	 1.001194	 0.500597
1039	1038	2	 0.997987	 0.498994
1040	1039	2	 0.997633	 0.498817
1041	1040	2	 1.000218	 0.500109
1042	1041	2	 1.000862	 0.500431
1043	1042	2	 1.001175	 0.500587
1044	1043	2	 1.001209	 0.500604
