161
208
357
865
124
975
117
936
255
420
205
1004
947
227
499
381
1022
1
498
56
597
311
813
73
739
350
1031
414
426
168
615
235
447
202
179
818
727
512
847
540
884
139
963
59
459
590
552
352
949
351
201
736
864
746
860
113
668
681
680
346
356
299
75
630
983
395
72
562
70
40
1000
262
754
716
598
619
780
506
653
548
904
626
964
1026
477
645
1009
189
411
78
314
584
470
522
153
910
518
272
354
570
399
310
718
666
368
462
116
734
840
612
284
866
834
44
530
662
256
289
146
603
71
268
752
889
896
606
776
774
955
722
591
276
195
1043
654
564
461
672
30
298
424
652
481
26
17
691
710
302
68
517
599
401
997
763
229
878
679
97
305
359
335
670
740
77
469
385
906
392
345
303
165
141
893
772
572
430
247
855
471
610
313
488
527
639
775
671
342
45
47
791
524
169
749
27
277
1001
989
778
720
250
16
52
823
83
1006
11
159
86
467
264
977
628
844
283
726
81
287
529
985
871
133
620
315
907
637
267
613
870
293
263
817
2
600
925
1007
239
602
869
147
927
577
821
254
585
931
386
695
54
331
880
451
377
403
924
341
980
696
644
802
914
319
658
858
797
240
785
38
35
800
318
237
294
1016
339
327
784
698
416
269
794
333
954
334
265
573
1011
99
721
23
625
288
895
814
423
425
100
501
565
667
93
121
882
861
1034
507
806
148
556
490
874
624
434
489
261
142
370
856
574
206
920
908
1010
372
436
486
429
422
697
128
655
258
102
659
891
656
364
706
324
551
252
417
605
42
1002
934
589
768
956
409
550
984
912
400
875
353
493
744
601
616
484
525
707
903
868
309
1019
1042
365
150
80
643
538
766
513
757
960
187
24
222
455
76
306
444
167
979
926
638
804
184
394
994
127
636
669
733
592
965
9
969
25
898
427
675
862
21
48
384
238
554
992
703
974
852
446
458
91
115
633
751
243
537
892
55
1023
826
390
172
286
143
28
1038
118
533
580
535
439
107
285
119
799
307
223
894
14
450
198
419
950
154
701
719
1035
211
651
902
968
713
457
226
440
732
917
729
295
549
87
1027
301
89
282
449
463
120
767
541
909
246
604
475
358
885
292
448
177
793
923
1013
901
835
37
214
275
944
270
418
174
881
32
708
642
943
176
887
559
971
31
156
13
323
946
769
770
811
112
57
114
663
790
614
7
317
850
132
398
371
783
945
108
20
940
376
660
190
699
175
290
820
291
939
413
1012
405
765
442
320
970
221
918
510
151
66
995
717
536
831
723
986
273
816
773
743
566
487
257
330
123
387
684
576
832
1008
747
407
930
596
842
661
163
921
483
692
854
67
210
88
1014
218
959
833
379
321
1040
838
90
224
468
428
515
1036
511
465
678
586
839
478
618
503
1030
46
337
863
29
391
996
231
742
10
508
805
6
329
138
845
886
801
312
665
415
919
539
611
326
203
474
64
388
382
941
300
623
19
843
443
220
758
782
877
164
135
129
438
779
92
583
621
1020
991
857
634
593
61
4
322
900
563
230
938
109
649
632
567
664
466
281
140
355
781
8
1044
340
555
1041
523
193
316
569
200
18
808
232
962
43
849
344
3
437
819
1033
74
617
464
325
65
215
568
1003
479
973
755
155
686
260
502
676
406
828
635
1024
473
209
332
981
712
641
829
233
39
410
162
967
1029
296
361
846
482
105
988
514
730
212
279
63
677
928
96
480
827
308
1021
1018
760
796
216
509
812
571
587
859
674
771
745
180
34
36
15
158
764
183
542
792
1015
170
49
12
578
594
397
609
872
705
454
157
830
905
378
544
972
53
588
553
704
937
546
690
759
347
186
149
197
987
788
62
582
982
731
990
134
389
948
228
953
472
249
280
647
915
961
336
194
500
795
851
922
166
916
836
958
978
519
79
348
748
110
432
366
126
496
94
724
942
188
1032
85
33
848
362
532
608
837
144
51
803
715
753
259
196
873
933
998
297
825
101
750
58
152
810
408
278
657
888
95
999
373
693
271
433
951
234
396
762
393
374
191
700
738
650
957
741
435
1037
976
185
627
807
735
516
494
160
50
841
497
534
853
966
809
702
714
122
824
491
1039
207
709
328
789
137
521
145
607
505
640
304
213
725
242
694
935
375
441
876
363
528
217
787
993
181
1017
204
485
557
244
199
251
687
761
867
431
82
547
219
104
688
1028
171
225
631
711
22
103
349
343
581
131
558
456
476
932
60
245
737
756
360
685
236
192
673
41
913
178
798
575
622
274
253
1005
526
897
173
412
786
492
182
5
460
452
545
899
1025
248
883
504
682
338
367
136
579
453
531
561
445
543
369
629
952
98
648
595
402
495
111
646
130
683
929
125
266
404
879
84
911
777
106
69
520
815
241
890
383
822
689
728
421
380
560
