1	0	14	 6.998238	 0.499874
2	1	14	 6.999312	 0.499951
3	2	16	 7.996814	 0.499801
4	3	17	 8.501268	 0.500075
5	4	15	 7.499685	 0.499979
6	5	15	 7.500646	 0.500043
7	6	11	 5.498167	 0.499833
8	7	16	 7.999105	 0.499944
9	8	16	 7.999645	 0.499978
10	9	18	 8.997875	 0.499882
11	10	15	 7.501012	 0.500067
12	11	17	 8.499135	 0.499949
13	12	13	 6.498751	 0.499904
14	13	19	 9.501035	 0.500054
15	14	19	 9.500038	 0.500002
16	15	18	 8.999184	 0.499955
17	16	18	 8.998872	 0.499937
18	17	18	 8.999348	 0.499964
19	18	16	 8.000350	 0.500022
20	19	13	 6.499963	 0.499997
21	20	20	 9.999199	 0.499960
22	21	17	 8.501821	 0.500107
23	22	18	 9.001488	 0.500083
24	23	18	 9.000090	 0.500005
25	24	19	 9.501628	 0.500086
26	25	19	 9.499412	 0.499969
27	26	15	 7.499074	 0.499938
28	27	16	 7.998772	 0.499923
29	28	18	 9.000914	 0.500051
30	29	16	 7.997940	 0.499871
31	30	18	 9.002209	 0.500123
32	31	18	 8.999308	 0.499962
33	32	14	 6.999884	 0.499992
34	33	13	 6.501052	 0.500081
35	34	10	 4.998816	 0.499882
36	35	17	 8.500121	 0.500007
37	36	17	 8.498289	 0.499899
38	37	17	 8.499498	 0.499970
39	38	14	 6.999799	 0.499986
40	39	17	 8.499290	 0.499958
41	40	18	 8.999394	 0.499966
42	41	20	10.001733	 0.500087
43	42	18	 9.000709	 0.500039
44	43	13	 6.499005	 0.499923
45	44	17	 8.502347	 0.500138
46	45	18	 9.001394	 0.500077
47	46	16	 7.999363	 0.499960
48	47	16	 7.997568	 0.499848
49	48	18	 9.001600	 0.500089
50	49	19	 9.499309	 0.499964
51	50	16	 7.998941	 0.499934
52	51	19	 9.500557	 0.500029
53	52	20	 9.999966	 0.499998
54	53	19	 9.500673	 0.500035
55	54	18	 9.000602	 0.500033
56	55	18	 8.999018	 0.499945
57	56	14	 7.000445	 0.500032
58	57	18	 9.000742	 0.500041
59	58	17	 8.499160	 0.499951
60	59	18	 9.001324	 0.500074
61	60	14	 7.001143	 0.500082
62	61	16	 8.002064	 0.500129
63	62	15	 7.499828	 0.499989
64	63	15	 7.501362	 0.500091
65	64	10	 5.001334	 0.500133
66	65	17	 8.499878	 0.499993
67	66	13	 6.501253	 0.500096
68	67	19	 9.500681	 0.500036
69	68	15	 7.499440	 0.499963
70	69	18	 8.999978	 0.499999
71	70	19	 9.501123	 0.500059
72	71	19	 9.500358	 0.500019
73	72	17	 8.498651	 0.499921
74	73	17	 8.501020	 0.500060
75	74	14	 7.000482	 0.500034
76	75	20	 9.997826	 0.499891
77	76	15	 7.501174	 0.500078
78	77	20	 9.997471	 0.499874
79	78	15	 7.500693	 0.500046
80	79	18	 9.000566	 0.500031
81	80	15	 7.499146	 0.499943
82	81	17	 8.499430	 0.499966
83	82	14	 6.999767	 0.499983
84	83	19	 9.500315	 0.500017
85	84	20	10.000817	 0.500041
86	85	19	 9.498761	 0.499935
87	86	13	 6.498178	 0.499860
88	87	19	 9.502874	 0.500151
89	88	16	 7.999316	 0.499957
90	89	14	 6.999195	 0.499942
91	90	14	 7.000603	 0.500043
92	91	12	 6.000058	 0.500005
93	92	14	 7.000502	 0.500036
94	93	15	 7.500129	 0.500009
95	94	14	 7.000222	 0.500016
96	95	14	 7.001501	 0.500107
97	96	16	 7.998557	 0.499910
98	97	15	 7.501011	 0.500067
99	98	16	 8.001209	 0.500076
100	99	15	 7.500974	 0.500065
101	100	19	 9.497772	 0.499883
102	101	17	 8.502261	 0.500133
103	102	16	 7.999700	 0.499981
104	103	18	 8.999700	 0.499983
105	104	20	 9.999251	 0.499963
106	105	17	 8.500354	 0.500021
107	106	16	 8.000160	 0.500010
108	107	20	10.000387	 0.500019
109	108	18	 8.999531	 0.499974
110	109	14	 7.001004	 0.500072
111	110	17	 8.499698	 0.499982
112	111	19	 9.500082	 0.500004
113	112	19	 9.501112	 0.500059
114	113	17	 8.499334	 0.499961
115	114	17	 8.499101	 0.499947
116	115	16	 7.999424	 0.499964
117	116	17	 8.499155	 0.499950
118	117	18	 8.998912	 0.499940
119	118	17	 8.499229	 0.499955
120	119	15	 7.500000	 0.500000
121	120	13	 6.498300	 0.499869
122	121	19	 9.500017	 0.500001
123	122	14	 7.000778	 0.500056
124	123	15	 7.499409	 0.499961
125	124	17	 8.499790	 0.499988
126	125	15	 7.498885	 0.499926
127	126	19	 9.500172	 0.500009
128	127	15	 7.499300	 0.499953
129	128	17	 8.499870	 0.499992
130	129	16	 7.999386	 0.499962
131	130	17	 8.499099	 0.499947
132	131	13	 6.501786	 0.500137
133	132	16	 7.999068	 0.499942
134	133	16	 8.000149	 0.500009
135	134	18	 8.999860	 0.499992
136	135	16	 8.001150	 0.500072
137	136	18	 9.000735	 0.500041
138	137	16	 7.999035	 0.499940
139	138	17	 8.498799	 0.499929
140	139	18	 9.000326	 0.500018
141	140	14	 6.999160	 0.499940
142	141	20	 9.998543	 0.499927
143	142	20	 9.998094	 0.499905
144	143	17	 8.499060	 0.499945
145	144	20	10.000727	 0.500036
146	145	15	 7.498233	 0.499882
147	146	18	 9.001465	 0.500081
148	147	17	 8.497331	 0.499843
149	148	17	 8.501149	 0.500068
150	149	14	 6.997935	 0.499853
151	150	17	 8.499123	 0.499948
152	151	16	 7.999571	 0.499973
153	152	16	 8.002021	 0.500126
154	153	15	 7.500271	 0.500018
155	154	18	 8.999092	 0.499950
156	155	16	 7.999899	 0.499994
157	156	14	 7.000952	 0.500068
158	157	17	 8.499848	 0.499991
159	158	16	 7.999845	 0.499990
160	159	18	 9.000356	 0.500020
161	160	14	 7.000092	 0.500007
162	161	18	 9.001517	 0.500084
163	162	17	 8.499313	 0.499960
164	163	12	 5.997515	 0.499793
165	164	14	 6.998628	 0.499902
166	165	16	 7.999342	 0.499959
167	166	14	 6.996899	 0.499778
168	167	16	 8.002307	 0.500144
169	168	14	 6.998214	 0.499872
170	169	18	 9.000797	 0.500044
171	170	19	 9.502534	 0.500133
172	171	17	 8.500553	 0.500033
173	172	16	 8.000257	 0.500016
174	173	17	 8.499149	 0.499950
175	174	16	 7.999032	 0.499939
176	175	14	 7.000651	 0.500047
177	176	15	 7.499737	 0.499982
178	177	17	 8.502192	 0.500129
179	178	12	 5.999218	 0.499935
180	179	15	 7.501475	 0.500098
181	180	17	 8.499313	 0.499960
182	181	15	 7.501037	 0.500069
183	182	15	 7.500484	 0.500032
184	183	18	 8.999160	 0.499953
185	184	17	 8.499207	 0.499953
186	185	18	 8.999165	 0.499954
187	186	20	 9.998560	 0.499928
188	187	12	 6.001143	 0.500095
189	188	18	 9.001312	 0.500073
190	189	16	 8.001944	 0.500122
191	190	16	 7.999750	 0.499984
192	191	18	 8.999436	 0.499969
193	192	15	 7.499175	 0.499945
194	193	13	 6.498719	 0.499901
195	194	9	 4.499190	 0.499910
196	195	13	 6.498793	 0.499907
197	196	16	 7.999392	 0.499962
198	197	17	 8.501217	 0.500072
199	198	20	 9.999969	 0.499998
200	199	19	 9.500931	 0.500049
201	200	18	 8.999425	 0.499968
202	201	20	10.001635	 0.500082
203	202	19	 9.503208	 0.500169
204	203	16	 7.999223	 0.499951
205	204	15	 7.500363	 0.500024
206	205	18	 9.001701	 0.500095
207	206	18	 8.998086	 0.499894
208	207	15	 7.503327	 0.500222
209	208	17	 8.499439	 0.499967
210	209	20	 9.999824	 0.499991
211	210	17	 8.498680	 0.499922
212	211	17	 8.502311	 0.500136
213	212	18	 9.001540	 0.500086
214	213	15	 7.498732	 0.499915
215	214	15	 7.500248	 0.500017
216	215	14	 6.999274	 0.499948
217	216	18	 8.997940	 0.499886
218	217	14	 7.000702	 0.500050
219	218	14	 6.998170	 0.499869
220	219	12	 5.998789	 0.499899
221	220	20	10.000287	 0.500014
222	221	18	 9.001682	 0.500093
223	222	18	 9.000676	 0.500038
224	223	17	 8.499383	 0.499964
225	224	18	 8.999962	 0.499998
226	225	15	 7.499087	 0.499939
227	226	20	10.002329	 0.500116
228	227	19	 9.498308	 0.499911
229	228	12	 6.000675	 0.500056
230	229	17	 8.500592	 0.500035
231	230	16	 8.000433	 0.500027
232	231	15	 7.500265	 0.500018
233	232	13	 6.499466	 0.499959
234	233	17	 8.499117	 0.499948
235	234	14	 7.001906	 0.500136
236	235	20	 9.999428	 0.499971
237	236	15	 7.499160	 0.499944
238	237	18	 8.998826	 0.499935
239	238	14	 6.998475	 0.499891
240	239	17	 8.500442	 0.500026
241	240	19	 9.498192	 0.499905
242	241	18	 8.998482	 0.499916
243	242	18	 8.998134	 0.499896
244	243	16	 8.001790	 0.500112
245	244	17	 8.500107	 0.500006
246	245	17	 8.498561	 0.499915
247	246	11	 5.499457	 0.499951
248	247	15	 7.499224	 0.499948
249	248	17	 8.500845	 0.500050
250	249	17	 8.495906	 0.499759
251	250	17	 8.497419	 0.499848
252	251	17	 8.497866	 0.499874
253	252	15	 7.498457	 0.499897
254	253	15	 7.497940	 0.499863
255	254	16	 7.999428	 0.499964
256	255	18	 8.999520	 0.499973
257	256	17	 8.498403	 0.499906
258	257	18	 9.000133	 0.500007
259	258	18	 8.999057	 0.499948
260	259	17	 8.499325	 0.499960
261	260	13	 6.501409	 0.500108
262	261	16	 8.002158	 0.500135
263	262	14	 6.998053	 0.499861
264	263	13	 6.498928	 0.499918
265	264	18	 9.001934	 0.500107
266	265	17	 8.499268	 0.499957
267	266	19	 9.498653	 0.499929
268	267	19	 9.500151	 0.500008
269	268	14	 7.001162	 0.500083
270	269	16	 7.998997	 0.499937
271	270	14	 6.998779	 0.499913
272	271	15	 7.498346	 0.499890
273	272	18	 8.997702	 0.499872
274	273	15	 7.500809	 0.500054
275	274	19	 9.500188	 0.500010
276	275	18	 9.000553	 0.500031
277	276	18	 8.997518	 0.499862
278	277	20	 9.998446	 0.499922
279	278	15	 7.500042	 0.500003
280	279	19	 9.497455	 0.499866
281	280	15	 7.500828	 0.500055
282	281	18	 9.001502	 0.500083
283	282	18	 9.001820	 0.500101
284	283	13	 6.499854	 0.499989
285	284	11	 5.497149	 0.499741
286	285	14	 7.000323	 0.500023
287	286	20	10.002284	 0.500114
288	287	20	 9.999968	 0.499998
289	288	18	 8.999064	 0.499948
290	289	14	 7.000372	 0.500027
291	290	14	 7.000387	 0.500028
292	291	19	 9.499386	 0.499968
293	292	20	 9.999034	 0.499952
294	293	13	 6.500020	 0.500002
295	294	14	 7.002348	 0.500168
296	295	19	 9.500212	 0.500011
297	296	16	 7.998343	 0.499896
298	297	14	 6.999164	 0.499940
299	298	15	 7.500560	 0.500037
300	299	17	 8.502117	 0.500125
301	300	17	 8.500286	 0.500017
302	301	15	 7.497970	 0.499865
303	302	20	 9.999985	 0.499999
304	303	17	 8.499294	 0.499958
305	304	16	 7.999326	 0.499958
306	305	17	 8.499302	 0.499959
307	306	14	 6.999143	 0.499939
308	307	11	 5.500178	 0.500016
309	308	16	 8.002806	 0.500175
310	309	16	 8.000826	 0.500052
311	310	15	 7.499464	 0.499964
312	311	14	 7.000020	 0.500001
313	312	16	 8.000610	 0.500038
314	313	13	 6.499286	 0.499945
315	314	14	 6.999952	 0.499997
316	315	18	 9.000832	 0.500046
317	316	15	 7.499659	 0.499977
318	317	16	 8.000212	 0.500013
319	318	14	 6.998158	 0.499868
320	319	17	 8.500153	 0.500009
321	320	18	 9.001502	 0.500083
322	321	18	 9.000854	 0.500047
323	322	15	 7.500019	 0.500001
324	323	19	 9.498467	 0.499919
325	324	16	 7.999194	 0.499950
326	325	16	 8.001515	 0.500095
327	326	19	 9.500278	 0.500015
328	327	16	 7.999541	 0.499971
329	328	20	10.002062	 0.500103
330	329	15	 7.500920	 0.500061
331	330	18	 8.999269	 0.499959
332	331	18	 9.000649	 0.500036
333	332	14	 6.998752	 0.499911
334	333	18	 9.000686	 0.500038
335	334	17	 8.500501	 0.500029
336	335	18	 8.998191	 0.499900
337	336	14	 7.000886	 0.500063
338	337	20	 9.999146	 0.499957
339	338	17	 8.499082	 0.499946
340	339	16	 7.999012	 0.499938
341	340	18	 8.999403	 0.499967
342	341	16	 7.999520	 0.499970
343	342	19	 9.499326	 0.499965
344	343	17	 8.498275	 0.499899
345	344	19	 9.499708	 0.499985
346	345	14	 6.998898	 0.499921
347	346	14	 6.999549	 0.499968
348	347	15	 7.499589	 0.499973
349	348	15	 7.499566	 0.499971
350	349	18	 9.000026	 0.500001
351	350	15	 7.499668	 0.499978
352	351	15	 7.501132	 0.500075
353	352	15	 7.498784	 0.499919
354	353	13	 6.499783	 0.499983
355	354	20	10.000872	 0.500044
356	355	12	 5.999275	 0.499940
357	356	14	 7.000539	 0.500038
358	357	18	 8.999715	 0.499984
359	358	15	 7.499146	 0.499943
360	359	15	 7.500833	 0.500056
361	360	13	 6.499370	 0.499952
362	361	17	 8.499806	 0.499989
363	362	14	 6.999454	 0.499961
364	363	19	 9.500203	 0.500011
365	364	14	 7.001504	 0.500107
366	365	19	 9.498271	 0.499909
367	366	18	 8.998196	 0.499900
368	367	15	 7.499298	 0.499953
369	368	13	 6.500315	 0.500024
370	369	18	 9.000516	 0.500029
371	370	17	 8.501578	 0.500093
372	371	16	 8.001301	 0.500081
373	372	17	 8.499410	 0.499965
374	373	17	 8.497872	 0.499875
375	374	16	 7.999527	 0.499970
376	375	18	 9.001989	 0.500111
377	376	18	 8.999252	 0.499958
378	377	15	 7.501241	 0.500083
379	378	16	 7.999294	 0.499956
380	379	15	 7.500416	 0.500028
381	380	14	 6.999191	 0.499942
382	381	15	 7.501179	 0.500079
383	382	12	 6.001474	 0.500123
384	383	17	 8.500333	 0.500020
385	384	19	 9.497654	 0.499877
386	385	14	 7.001330	 0.500095
387	386	13	 6.499191	 0.499938
388	387	18	 8.999778	 0.499988
389	388	15	 7.500535	 0.500036
390	389	16	 7.997951	 0.499872
391	390	20	 9.999894	 0.499995
392	391	15	 7.500986	 0.500066
393	392	17	 8.500111	 0.500007
394	393	17	 8.500158	 0.500009
395	394	18	 8.999203	 0.499956
396	395	19	 9.497282	 0.499857
397	396	17	 8.500568	 0.500033
398	397	14	 6.998651	 0.499904
399	398	14	 7.001201	 0.500086
400	399	12	 5.999877	 0.499990
401	400	18	 8.998677	 0.499927
402	401	16	 8.000557	 0.500035
403	402	20	10.000327	 0.500016
404	403	13	 6.499116	 0.499932
405	404	18	 9.000837	 0.500047
406	405	20	 9.999695	 0.499985
407	406	15	 7.498935	 0.499929
408	407	15	 7.499585	 0.499972
409	408	18	 8.997593	 0.499866
410	409	15	 7.501247	 0.500083
411	410	18	 9.001525	 0.500085
412	411	12	 5.999986	 0.499999
413	412	18	 9.000719	 0.500040
414	413	17	 8.500817	 0.500048
415	414	15	 7.499903	 0.499994
416	415	12	 6.000608	 0.500051
417	416	18	 9.002105	 0.500117
418	417	17	 8.498816	 0.499930
419	418	14	 7.001895	 0.500135
420	419	13	 6.497551	 0.499812
421	420	18	 9.001374	 0.500076
422	421	16	 7.997871	 0.499867
423	422	16	 7.999658	 0.499979
424	423	20	10.000110	 0.500005
425	424	16	 7.998138	 0.499884
426	425	15	 7.500424	 0.500028
427	426	17	 8.499706	 0.499983
428	427	18	 9.001025	 0.500057
429	428	14	 6.999453	 0.499961
430	429	19	 9.502500	 0.500132
431	430	15	 7.498823	 0.499922
432	431	19	 9.498958	 0.499945
433	432	16	 7.999265	 0.499954
434	433	16	 7.999686	 0.499980
435	434	16	 8.001003	 0.500063
436	435	20	 9.998646	 0.499932
437	436	18	 8.998282	 0.499905
438	437	17	 8.498867	 0.499933
439	438	16	 8.000448	 0.500028
440	439	14	 7.000724	 0.500052
441	440	17	 8.498982	 0.499940
442	441	16	 8.001170	 0.500073
443	442	18	 8.999736	 0.499985
444	443	17	 8.500725	 0.500043
445	444	18	 9.001677	 0.500093
446	445	15	 7.499117	 0.499941
447	446	20	 9.997315	 0.499866
448	447	15	 7.499373	 0.499958
449	448	16	 8.000187	 0.500012
450	449	18	 8.998774	 0.499932
451	450	11	 5.499713	 0.499974
452	451	20	 9.998172	 0.499909
453	452	15	 7.497993	 0.499866
454	453	14	 7.001710	 0.500122
455	454	15	 7.500849	 0.500057
456	455	15	 7.498519	 0.499901
457	456	18	 8.999872	 0.499993
458	457	20	10.000010	 0.500001
459	458	19	 9.499239	 0.499960
460	459	15	 7.501010	 0.500067
461	460	18	 8.998600	 0.499922
462	461	18	 9.001588	 0.500088
463	462	16	 7.998120	 0.499883
464	463	18	 9.000157	 0.500009
465	464	15	 7.499455	 0.499964
466	465	16	 8.001046	 0.500065
467	466	13	 6.498849	 0.499911
468	467	17	 8.502394	 0.500141
469	468	19	 9.502091	 0.500110
470	469	12	 6.001889	 0.500157
471	470	15	 7.499526	 0.499968
472	471	13	 6.500500	 0.500038
473	472	16	 8.001442	 0.500090
474	473	13	 6.503418	 0.500263
475	474	19	 9.500339	 0.500018
476	475	12	 6.000985	 0.500082
477	476	18	 9.001726	 0.500096
478	477	18	 8.998675	 0.499926
479	478	19	 9.499336	 0.499965
480	479	15	 7.499722	 0.499981
481	480	20	10.001759	 0.500088
482	481	15	 7.499797	 0.499986
483	482	20	 9.996931	 0.499847
484	483	18	 8.999235	 0.499958
485	484	14	 6.999679	 0.499977
486	485	18	 8.997455	 0.499859
487	486	15	 7.499849	 0.499990
488	487	20	10.003322	 0.500166
489	488	12	 5.998370	 0.499864
490	489	17	 8.500828	 0.500049
491	490	9	 4.500108	 0.500012
492	491	15	 7.500202	 0.500013
493	492	15	 7.500088	 0.500006
494	493	12	 6.001999	 0.500167
495	494	18	 9.000801	 0.500044
496	495	16	 8.002587	 0.500162
497	496	14	 6.998793	 0.499914
498	497	17	 8.498931	 0.499937
499	498	16	 7.999550	 0.499972
500	499	17	 8.499103	 0.499947
501	500	15	 7.498699	 0.499913
502	501	14	 6.998764	 0.499912
503	502	19	 9.498904	 0.499942
504	503	15	 7.502627	 0.500175
505	504	18	 8.999679	 0.499982
506	505	16	 8.000055	 0.500003
507	506	15	 7.501523	 0.500102
508	507	19	 9.496394	 0.499810
509	508	20	 9.999321	 0.499966
510	509	14	 6.999040	 0.499931
511	510	16	 7.998325	 0.499895
512	511	17	 8.498426	 0.499907
513	512	15	 7.498604	 0.499907
514	513	20	10.000344	 0.500017
515	514	16	 7.999101	 0.499944
516	515	15	 7.499599	 0.499973
517	516	13	 6.499177	 0.499937
518	517	15	 7.501036	 0.500069
519	518	12	 5.998950	 0.499912
520	519	15	 7.501307	 0.500087
521	520	19	 9.500876	 0.500046
522	521	15	 7.500481	 0.500032
523	522	15	 7.501799	 0.500120
524	523	14	 7.001558	 0.500111
525	524	18	 9.001679	 0.500093
526	525	17	 8.498974	 0.499940
527	526	14	 6.997885	 0.499849
528	527	14	 7.002366	 0.500169
529	528	20	 9.997864	 0.499893
530	529	13	 6.499919	 0.499994
531	530	15	 7.502108	 0.500141
532	531	20	 9.998070	 0.499903
533	532	10	 5.000109	 0.500011
534	533	20	 9.998201	 0.499910
535	534	19	 9.499452	 0.499971
536	535	14	 6.998650	 0.499904
537	536	17	 8.499822	 0.499990
538	537	14	 7.002863	 0.500205
539	538	18	 9.000291	 0.500016
540	539	17	 8.499986	 0.499999
541	540	16	 8.000040	 0.500002
542	541	17	 8.503048	 0.500179
543	542	14	 7.000247	 0.500018
544	543	17	 8.498884	 0.499934
545	544	13	 6.501366	 0.500105
546	545	20	 9.999319	 0.499966
547	546	13	 6.500813	 0.500063
548	547	17	 8.499965	 0.499998
549	548	18	 9.001660	 0.500092
550	549	16	 7.999288	 0.499955
551	550	20	 9.998645	 0.499932
552	551	16	 7.998352	 0.499897
553	552	19	 9.499338	 0.499965
554	553	14	 7.001778	 0.500127
555	554	18	 9.000014	 0.500001
556	555	18	 8.999648	 0.499980
557	556	13	 6.502326	 0.500179
558	557	17	 8.500380	 0.500022
559	558	15	 7.498488	 0.499899
560	559	17	 8.499721	 0.499984
561	560	19	 9.498799	 0.499937
562	561	18	 9.001695	 0.500094
563	562	16	 8.002044	 0.500128
564	563	19	 9.499523	 0.499975
565	564	20	 9.999795	 0.499990
566	565	15	 7.499679	 0.499979
567	566	16	 8.000392	 0.500025
568	567	12	 5.997356	 0.499780
569	568	18	 8.998870	 0.499937
570	569	17	 8.502180	 0.500128
571	570	16	 8.000631	 0.500039
572	571	19	 9.500651	 0.500034
573	572	11	 5.502206	 0.500201
574	573	20	10.000622	 0.500031
575	574	17	 8.499131	 0.499949
576	575	15	 7.500332	 0.500022
577	576	14	 6.997511	 0.499822
578	577	15	 7.500363	 0.500024
579	578	20	10.000989	 0.500049
580	579	18	 8.997619	 0.499868
581	580	13	 6.500560	 0.500043
582	581	11	 5.500713	 0.500065
583	582	14	 6.999919	 0.499994
584	583	15	 7.500773	 0.500052
585	584	19	 9.499238	 0.499960
586	585	19	 9.499866	 0.499993
587	586	13	 6.497833	 0.499833
588	587	15	 7.498384	 0.499892
589	588	16	 7.999749	 0.499984
590	589	12	 6.000458	 0.500038
591	590	15	 7.498850	 0.499923
592	591	18	 8.999525	 0.499974
593	592	17	 8.501991	 0.500117
594	593	17	 8.497319	 0.499842
595	594	20	 9.997755	 0.499888
596	595	17	 8.500683	 0.500040
597	596	11	 5.501125	 0.500102
598	597	14	 7.000001	 0.500000
599	598	14	 7.000824	 0.500059
600	599	18	 8.999018	 0.499945
601	600	12	 5.998424	 0.499869
602	601	19	 9.499393	 0.499968
603	602	19	 9.501499	 0.500079
604	603	14	 7.000459	 0.500033
605	604	17	 8.501359	 0.500080
606	605	16	 8.000432	 0.500027
607	606	20	 9.997001	 0.499850
608	607	16	 8.001338	 0.500084
609	608	15	 7.500310	 0.500021
610	609	18	 9.000984	 0.500055
611	610	18	 9.001177	 0.500065
612	611	14	 6.998806	 0.499915
613	612	15	 7.502087	 0.500139
614	613	13	 6.499843	 0.499988
615	614	16	 7.999911	 0.499994
616	615	18	 8.999578	 0.499977
617	616	17	 8.502818	 0.500166
618	617	17	 8.497350	 0.499844
619	618	16	 8.001170	 0.500073
620	619	11	 5.500155	 0.500014
621	620	20	 9.998759	 0.499938
622	621	14	 6.998256	 0.499875
623	622	18	 8.999109	 0.499950
624	623	11	 5.498851	 0.499896
625	624	17	 8.501385	 0.500081
626	625	16	 7.999811	 0.499988
627	626	17	 8.501455	 0.500086
628	627	15	 7.499369	 0.499958
629	628	20	 9.998701	 0.499935
630	629	14	 7.002031	 0.500145
631	630	19	 9.499906	 0.499995
632	631	18	 9.000613	 0.500034
633	632	15	 7.500323	 0.500022
634	633	11	 5.498939	 0.499904
635	634	18	 9.002175	 0.500121
636	635	16	 7.999459	 0.499966
637	636	13	 6.497044	 0.499773
638	637	17	 8.500806	 0.500047
639	638	15	 7.499216	 0.499948
640	639	17	 8.497781	 0.499869
641	640	19	 9.497692	 0.499879
642	641	14	 6.999741	 0.499981
643	642	16	 8.000497	 0.500031
644	643	18	 8.999458	 0.499970
645	644	16	 8.000326	 0.500020
646	645	18	 9.001023	 0.500057
647	646	18	 8.999604	 0.499978
648	647	14	 7.001191	 0.500085
649	648	17	 8.499889	 0.499993
650	649	14	 6.998365	 0.499883
651	650	17	 8.499625	 0.499978
652	651	18	 9.000192	 0.500011
653	652	19	 9.501930	 0.500102
654	653	16	 8.003382	 0.500211
655	654	18	 8.998866	 0.499937
656	655	10	 5.001089	 0.500109
657	656	15	 7.499769	 0.499985
658	657	20	 9.999781	 0.499989
659	658	18	 9.001477	 0.500082
660	659	15	 7.500170	 0.500011
661	660	16	 7.999590	 0.499974
662	661	17	 8.501312	 0.500077
663	662	18	 9.000581	 0.500032
664	663	18	 9.000311	 0.500017
665	664	16	 7.998662	 0.499916
666	665	16	 8.000406	 0.500025
667	666	16	 8.000411	 0.500026
668	667	20	10.001460	 0.500073
669	668	16	 7.997682	 0.499855
670	669	15	 7.499934	 0.499996
671	670	16	 7.999646	 0.499978
672	671	17	 8.503030	 0.500178
673	672	17	 8.498843	 0.499932
674	673	16	 7.999669	 0.499979
675	674	17	 8.501380	 0.500081
676	675	14	 7.000680	 0.500049
677	676	16	 7.998557	 0.499910
678	677	20	10.001951	 0.500098
679	678	18	 9.002029	 0.500113
680	679	18	 9.000431	 0.500024
681	680	16	 8.000065	 0.500004
682	681	19	 9.498167	 0.499904
683	682	17	 8.499631	 0.499978
684	683	17	 8.498857	 0.499933
685	684	18	 8.997380	 0.499854
686	685	15	 7.500084	 0.500006
687	686	16	 7.998427	 0.499902
688	687	17	 8.500398	 0.500023
689	688	17	 8.498589	 0.499917
690	689	16	 8.000009	 0.500001
691	690	17	 8.499647	 0.499979
692	691	12	 6.000646	 0.500054
693	692	18	 9.000768	 0.500043
694	693	19	 9.499662	 0.499982
695	694	14	 7.001002	 0.500072
696	695	18	 8.998120	 0.499896
697	696	16	 7.997834	 0.499865
698	697	14	 6.999305	 0.499950
699	698	13	 6.499946	 0.499996
700	699	19	 9.500548	 0.500029
701	700	14	 7.000003	 0.500000
702	701	18	 9.000537	 0.500030
703	702	19	 9.499006	 0.499948
704	703	14	 6.999667	 0.499976
705	704	19	 9.500539	 0.500028
706	705	16	 7.999723	 0.499983
707	706	12	 6.000188	 0.500016
708	707	17	 8.497094	 0.499829
709	708	18	 8.999256	 0.499959
710	709	17	 8.499728	 0.499984
711	710	15	 7.499958	 0.499997
712	711	15	 7.498989	 0.499933
713	712	14	 6.999719	 0.499980
714	713	16	 8.001772	 0.500111
715	714	15	 7.499974	 0.499998
716	715	19	 9.502028	 0.500107
717	716	18	 9.000914	 0.500051
718	717	13	 6.500748	 0.500058
719	718	16	 7.998578	 0.499911
720	719	16	 8.000063	 0.500004
721	720	15	 7.501899	 0.500127
722	721	20	10.000619	 0.500031
723	722	16	 7.998338	 0.499896
724	723	16	 8.001255	 0.500078
725	724	18	 8.998812	 0.499934
726	725	16	 8.000452	 0.500028
727	726	18	 8.998067	 0.499893
728	727	13	 6.499500	 0.499962
729	728	20	10.001537	 0.500077
730	729	14	 7.000810	 0.500058
731	730	19	 9.501631	 0.500086
732	731	16	 8.000080	 0.500005
733	732	18	 9.000411	 0.500023
734	733	15	 7.498961	 0.499931
735	734	13	 6.500586	 0.500045
736	735	17	 8.498908	 0.499936
737	736	15	 7.499404	 0.499960
738	737	15	 7.498189	 0.499879
739	738	17	 8.500128	 0.500008
740	739	17	 8.499942	 0.499997
741	740	12	 5.998944	 0.499912
742	741	15	 7.501408	 0.500094
743	742	12	 5.998209	 0.499851
744	743	13	 6.496830	 0.499756
745	744	20	 9.999196	 0.499960
746	745	15	 7.500415	 0.500028
747	746	17	 8.501342	 0.500079
748	747	16	 8.000918	 0.500057
749	748	17	 8.498681	 0.499922
750	749	14	 6.999238	 0.499946
751	750	13	 6.499802	 0.499985
752	751	18	 9.002192	 0.500122
753	752	14	 6.999462	 0.499962
754	753	18	 8.998739	 0.499930
755	754	13	 6.500648	 0.500050
756	755	18	 8.999098	 0.499950
757	756	19	 9.498263	 0.499909
758	757	17	 8.499478	 0.499969
759	758	16	 7.999770	 0.499986
760	759	16	 8.000115	 0.500007
761	760	15	 7.499091	 0.499939
762	761	18	 9.002957	 0.500164
763	762	18	 9.001237	 0.500069
764	763	17	 8.500328	 0.500019
765	764	16	 8.000396	 0.500025
766	765	18	 9.000348	 0.500019
767	766	17	 8.499159	 0.499951
768	767	14	 6.999067	 0.499933
769	768	14	 6.999522	 0.499966
770	769	20	10.003136	 0.500157
771	770	17	 8.498777	 0.499928
772	771	15	 7.498780	 0.499919
773	772	15	 7.501384	 0.500092
774	773	20	 9.998642	 0.499932
775	774	18	 8.999822	 0.499990
776	775	15	 7.498671	 0.499911
777	776	16	 7.997076	 0.499817
778	777	16	 7.999648	 0.499978
779	778	18	 8.997630	 0.499868
780	779	16	 8.001751	 0.500109
781	780	18	 9.002160	 0.500120
782	781	17	 8.498531	 0.499914
783	782	13	 6.502699	 0.500208
784	783	15	 7.502435	 0.500162
785	784	19	 9.498535	 0.499923
786	785	14	 7.000484	 0.500035
787	786	16	 8.002335	 0.500146
788	787	17	 8.500676	 0.500040
789	788	15	 7.500106	 0.500007
790	789	18	 9.000350	 0.500019
791	790	14	 6.998946	 0.499925
792	791	12	 6.000242	 0.500020
793	792	19	 9.499234	 0.499960
794	793	13	 6.502226	 0.500171
795	794	16	 8.000478	 0.500030
796	795	16	 8.001181	 0.500074
797	796	18	 8.999315	 0.499962
798	797	17	 8.500177	 0.500010
799	798	19	 9.499121	 0.499954
800	799	16	 7.999285	 0.499955
801	800	13	 6.499424	 0.499956
802	801	13	 6.498166	 0.499859
803	802	16	 8.001101	 0.500069
804	803	19	 9.499009	 0.499948
805	804	18	 9.000128	 0.500007
806	805	14	 6.998202	 0.499872
807	806	11	 5.498538	 0.499867
808	807	14	 6.997114	 0.499794
809	808	17	 8.500307	 0.500018
810	809	17	 8.499714	 0.499983
811	810	16	 8.000951	 0.500059
812	811	15	 7.501769	 0.500118
813	812	14	 7.000248	 0.500018
814	813	18	 9.001796	 0.500100
815	814	20	10.001419	 0.500071
816	815	16	 7.997877	 0.499867
817	816	17	 8.501475	 0.500087
818	817	19	 9.498605	 0.499927
819	818	14	 6.999941	 0.499996
820	819	15	 7.501343	 0.500090
821	820	18	 9.000672	 0.500037
822	821	14	 6.998738	 0.499910
823	822	15	 7.498910	 0.499927
824	823	11	 5.499323	 0.499938
825	824	13	 6.500249	 0.500019
826	825	14	 6.999004	 0.499929
827	826	15	 7.500363	 0.500024
828	827	20	10.001141	 0.500057
829	828	13	 6.498695	 0.499900
830	829	15	 7.498407	 0.499894
831	830	19	 9.499539	 0.499976
832	831	17	 8.499263	 0.499957
833	832	17	 8.500538	 0.500032
834	833	17	 8.498252	 0.499897
835	834	16	 7.999733	 0.499983
836	835	17	 8.499344	 0.499961
837	836	17	 8.498471	 0.499910
838	837	15	 7.499025	 0.499935
839	838	11	 5.499248	 0.499932
840	839	18	 8.999029	 0.499946
841	840	18	 9.000383	 0.500021
842	841	17	 8.498896	 0.499935
843	842	14	 6.999643	 0.499975
844	843	16	 8.000095	 0.500006
845	844	19	 9.498808	 0.499937
846	845	19	 9.499732	 0.499986
847	846	19	 9.503489	 0.500184
848	847	15	 7.497994	 0.499866
849	848	13	 6.498720	 0.499902
850	849	18	 8.999830	 0.499991
851	850	19	 9.499110	 0.499953
852	851	17	 8.499439	 0.499967
853	852	13	 6.502018	 0.500155
854	853	18	 9.001387	 0.500077
855	854	16	 7.999968	 0.499998
856	855	14	 6.998081	 0.499863
857	856	15	 7.501241	 0.500083
858	857	14	 7.000997	 0.500071
859	858	13	 6.501581	 0.500122
860	859	17	 8.498283	 0.499899
861	860	19	 9.500811	 0.500043
862	861	17	 8.497467	 0.499851
863	862	16	 7.998493	 0.499906
864	863	17	 8.500044	 0.500003
865	864	14	 7.001603	 0.500114
866	865	18	 8.999791	 0.499988
867	866	13	 6.498042	 0.499849
868	867	17	 8.497434	 0.499849
869	868	16	 8.002323	 0.500145
870	869	15	 7.499885	 0.499992
871	870	18	 9.002275	 0.500126
872	871	15	 7.498356	 0.499890
873	872	19	 9.500391	 0.500021
874	873	8	 4.000755	 0.500094
875	874	18	 8.999463	 0.499970
876	875	17	 8.499804	 0.499988
877	876	17	 8.499135	 0.499949
878	877	20	 9.999640	 0.499982
879	878	17	 8.500616	 0.500036
880	879	14	 7.000128	 0.500009
881	880	18	 8.999629	 0.499979
882	881	17	 8.499868	 0.499992
883	882	19	 9.500113	 0.500006
884	883	15	 7.499883	 0.499992
885	884	13	 6.501281	 0.500099
886	885	17	 8.500844	 0.500050
887	886	15	 7.501119	 0.500075
888	887	18	 9.000591	 0.500033
889	888	17	 8.500547	 0.500032
890	889	15	 7.500355	 0.500024
891	890	12	 6.000286	 0.500024
892	891	18	 9.001515	 0.500084
893	892	15	 7.501650	 0.500110
894	893	16	 8.002665	 0.500167
895	894	17	 8.500023	 0.500001
896	895	19	 9.503519	 0.500185
897	896	16	 8.001413	 0.500088
898	897	18	 9.001152	 0.500064
899	898	16	 8.000592	 0.500037
900	899	19	 9.502521	 0.500133
901	900	18	 8.997196	 0.499844
902	901	14	 7.002161	 0.500154
903	902	15	 7.500246	 0.500016
904	903	16	 8.001417	 0.500089
905	904	16	 7.997634	 0.499852
906	905	16	 8.000869	 0.500054
907	906	12	 5.999470	 0.499956
908	907	13	 6.502963	 0.500228
909	908	14	 7.000593	 0.500042
910	909	17	 8.500550	 0.500032
911	910	17	 8.500310	 0.500018
912	911	18	 8.998499	 0.499917
913	912	19	 9.500430	 0.500023
914	913	19	 9.499614	 0.499980
915	914	11	 5.499560	 0.499960
916	915	18	 9.001059	 0.500059
917	916	19	 9.500731	 0.500038
918	917	11	 5.501548	 0.500141
919	918	19	 9.500249	 0.500013
920	919	20	 9.998079	 0.499904
921	920	17	 8.500449	 0.500026
922	921	18	 8.999236	 0.499958
923	922	15	 7.499318	 0.499955
924	923	18	 8.998879	 0.499938
925	924	18	 8.999010	 0.499945
926	925	15	 7.499416	 0.499961
927	926	17	 8.500258	 0.500015
928	927	16	 7.998197	 0.499887
929	928	19	 9.498824	 0.499938
930	929	20	10.000492	 0.500025
931	930	18	 8.998443	 0.499914
932	931	18	 8.999114	 0.499951
933	932	11	 5.500184	 0.500017
934	933	11	 5.500151	 0.500014
935	934	16	 7.999653	 0.499978
936	935	14	 6.998835	 0.499917
937	936	19	 9.498148	 0.499903
938	937	15	 7.497813	 0.499854
939	938	14	 6.998822	 0.499916
940	939	20	10.006098	 0.500305
941	940	17	 8.500544	 0.500032
942	941	16	 8.003389	 0.500212
943	942	19	 9.501091	 0.500057
944	943	16	 8.005856	 0.500366
945	944	15	 7.505008	 0.500334
946	945	18	 8.991834	 0.499546
947	946	18	 9.003564	 0.500198
948	947	14	 7.000344	 0.500025
949	948	18	 9.002878	 0.500160
950	949	17	 8.502298	 0.500135
951	950	12	 5.999586	 0.499966
952	951	18	 9.009157	 0.500509
953	952	15	 7.497889	 0.499859
954	953	19	 9.501284	 0.500068
955	954	18	 9.003480	 0.500193
956	955	15	 7.505737	 0.500382
957	956	16	 8.001266	 0.500079
958	957	16	 8.000174	 0.500011
959	958	15	 7.504207	 0.500280
960	959	18	 9.001816	 0.500101
961	960	16	 8.003462	 0.500216
962	961	14	 7.001436	 0.500103
963	962	18	 8.999948	 0.499997
964	963	20	10.001073	 0.500054
965	964	18	 9.000590	 0.500033
966	965	14	 7.001388	 0.500099
967	966	16	 8.005609	 0.500351
968	967	18	 9.002264	 0.500126
969	968	18	 9.001928	 0.500107
970	969	17	 8.499281	 0.499958
971	970	18	 9.000940	 0.500052
972	971	18	 9.005827	 0.500324
973	972	17	 8.498467	 0.499910
974	973	18	 9.001209	 0.500067
975	974	13	 6.503674	 0.500283
976	975	18	 9.001358	 0.500075
977	976	18	 9.003081	 0.500171
978	977	18	 9.004530	 0.500252
979	978	15	 7.507762	 0.500517
980	979	12	 6.003309	 0.500276
981	980	17	 8.504588	 0.500270
982	981	15	 7.503455	 0.500230
983	982	18	 9.003972	 0.500221
984	983	16	 8.003890	 0.500243
985	984	15	 7.501311	 0.500087
986	985	17	 8.506953	 0.500409
987	986	15	 7.500776	 0.500052
988	987	17	 8.502676	 0.500157
989	988	20	10.004390	 0.500220
990	989	18	 9.004859	 0.500270
991	990	18	 8.999527	 0.499974
992	991	15	 7.506824	 0.500455
993	992	20	10.006960	 0.500348
994	993	17	 8.501597	 0.500094
995	994	19	 9.504280	 0.500225
996	995	18	 9.000812	 0.500045
997	996	16	 8.009396	 0.500587
998	997	19	 9.506293	 0.500331
999	998	15	 7.504838	 0.500323
1000	999	18	 9.004614	 0.500256
1001	1000	10	 5.001474	 0.500147
1002	1001	17	 8.497937	 0.499879
1003	1002	18	 9.001773	 0.500098
1004	1003	18	 9.001988	 0.500110
1005	1004	15	 7.503341	 0.500223
1006	1005	15	 7.502809	 0.500187
1007	1006	17	 8.508154	 0.500480
1008	1007	18	 9.005042	 0.500280
1009	1008	15	 7.504034	 0.500269
1010	1009	15	 7.502915	 0.500194
1011	1010	18	 9.003405	 0.500189
1012	1011	15	 7.508436	 0.500562
1013	1012	19	 9.498930	 0.499944
1014	1013	16	 7.998201	 0.499888
1015	1014	14	 7.002839	 0.500203
1016	1015	16	 8.005117	 0.500320
1017	1016	18	 9.003565	 0.500198
1018	1017	14	 7.003052	 0.500218
1019	1018	17	 8.506861	 0.500404
1020	1019	18	 9.003402	 0.500189
1021	1020	20	10.006670	 0.500334
1022	1021	13	 6.506299	 0.500485
1023	1022	13	 6.505555	 0.500427
1024	1023	12	 6.006303	 0.500525
1025	1024	20	10.011071	 0.500554
1026	1025	18	 9.005218	 0.500290
1027	1026	19	 9.507904	 0.500416
1028	1027	17	 8.509774	 0.500575
1029	1028	17	 8.501427	 0.500084
1030	1029	13	 6.505284	 0.500406
1031	1030	16	 8.007135	 0.500446
1032	1031	14	 7.002155	 0.500154
1033	1032	14	 7.007871	 0.500562
1034	1033	20	10.002830	 0.500142
1035	1034	20	10.003006	 0.500150
1036	1035	14	 7.006357	 0.500454
1037	1036	12	 6.002336	 0.500195
1038	1037	15	 7.501751	 0.500117
1039	1038	18	 9.003899	 0.500217
1040	1039	18	 9.004909	 0.500273
1041	1040	13	 6.506251	 0.500481
1042	1041	15	 7.504882	 0.500325
1043	1042	13	 6.502671	 0.500205
1044	1043	18	 9.006624	 0.500368
